 G2 G3 sum
KCNQ1 0.012438500598944094 0.01243850059894412 0.024877001197888216
SLC6A6 0.0074630530432735235 0.007463053043273447 0.01492610608654697
PAPLN 0.00673136266864463 0.006731362668644808 0.013462725337289438
OR8B4 0.006408741376434997 0.006408741376434957 0.012817482752869954
NEDD1 0.0060959549243773305 0.006095954924377357 0.012191909848754689
PYGO1 0.005902959976498108 0.005902959976498037 0.011805919952996145
C17orf69 0.0058916057985287885 0.00589160579852883 0.011783211597057619
HOXD4 0.005590967335067807 0.005590967335067725 0.011181934670135531
CES4 0.005574974809635598 0.005574974809635577 0.011149949619271175
BMP4 0.005286188017041383 0.0052861880170413985 0.010572376034082781
RAB22A 0.005242619733648037 0.005242619733648089 0.010485239467296126
ITM2C 0.005165410553817166 0.005165410553817176 0.010330821107634343
TRAF2 0.005023864635598818 0.005023864635598892 0.01004772927119771
ITPKB 0.004758935896008382 0.004758935896008353 0.009517871792016734
NAPSB 0.004755392910516985 0.004755392910516966 0.009510785821033952
COLEC11 0.004636223607246047 0.004636223607246094 0.00927244721449214
ZFHX3 0.004632525679607246 0.004632525679607296 0.009265051359214542
C4orf31 0.004542586582357862 0.0045425865823579496 0.009085173164715812
C15orf26 0.004538220651467208 0.004538220651467251 0.00907644130293446
RRBP1 0.004450327323866373 0.004450327323866332 0.008900654647732705
NDN 0.004366803105715439 0.004366803105715451 0.00873360621143089
MIR10B 0.004364596891582969 0.0043645968915828805 0.00872919378316585
C9orf27 0.004362600349592546 0.0043626003495925185 0.008725200699185065
DHX57 0.004315756738875932 0.0043157567388759435 0.008631513477751877
ATPGD1 0.00428183995722584 0.004281839957225897 0.008563679914451738
NUMA1 0.004281676477573329 0.0042816764775733835 0.008563352955146711
PRR13 0.004274537993403477 0.0042745379934034525 0.00854907598680693
YWHAZ 0.004248556807018098 0.004248556807018183 0.00849711361403628
ATP5O 0.004246212947271688 0.004246212947271706 0.008492425894543394
C1orf77 0.004238612503984747 0.004238612503984692 0.008477225007969439
LDHB 0.004192455394724964 0.0041924553947249015 0.008384910789449865
DSE 0.004180903764368088 0.004180903764368125 0.008361807528736213
MEI1 0.004177839587876918 0.0041778395878768046 0.008355679175753722
ICK 0.004177627392636149 0.004177627392636143 0.008355254785272291
ENO1 0.004149466622250042 0.00414946662224997 0.008298933244500012
RPL18AP3 0.00412259449359763 0.0041225944935975286 0.00824518898719516
SLC2A8 0.0041038612958826945 0.004103861295882758 0.008207722591765453
SLC44A5 0.00410144107759773 0.004101441077597785 0.008202882155195514
OVOL1 0.004054545210658664 0.004054545210658639 0.008109090421317303
CLCC1 0.004050830572944935 0.004050830572944935 0.00810166114588987
CDKL2 0.0038821446837169716 0.00388214468371697 0.0077642893674339415
TRPM1 0.0038319007943448885 0.003831900794344826 0.007663801588689715
SERPINE2 0.0037046284903645013 0.003704628490364491 0.007409256980728992
BOLL 0.0036910871698913965 0.003691087169891366 0.007382174339782763
ZPBP 0.003593955724775675 0.0035939557247757123 0.007187911449551387
E2F6 0.003552062211738536 0.0035520622117384097 0.007104124423476946
HEG1 0.003518848333651897 0.0035188483336518867 0.007037696667303784
TMEM188 0.0034358055640266185 0.0034358055640266298 0.006871611128053248
DBNDD2 0.0034169332940147527 0.0034169332940148143 0.006833866588029567
FGL1 0.0033960923279734018 0.003396092327973441 0.006792184655946843
PDE2A 0.003314722534765354 0.0033147225347654 0.006629445069530754
GRHL2 0.0033125987052351437 0.003312598705235074 0.006625197410470218
TMEM51 0.0032519265037897213 0.003251926503789695 0.006503853007579417
S100A2 0.0032384274879550174 0.003238427487955006 0.006476854975910024
ISL2 0.003180708066721201 0.0031807080667211655 0.0063614161334423665
ZNF131 0.00317753940366645 0.003177539403666544 0.006355078807332994
CRYGD 0.003171056257440271 0.003171056257440299 0.00634211251488057
INADL 0.0031153165501879134 0.003115316550187922 0.006230633100375835
PAX6 0.003064953152093272 0.003064953152093251 0.006129906304186522
DUSP10 0.0030441666525224402 0.00304416665252244 0.00608833330504488
IVD 0.003021395287833893 0.003021395287834046 0.00604279057566794
PITX3 0.0029782513375232237 0.0029782513375230944 0.005956502675046318
C17orf85 0.0029290579395737358 0.002929057939573757 0.005858115879147493
FAM84B 0.002913137613156641 0.0029131376131566675 0.005826275226313309
HOXD3 0.0028869021395455394 0.0028869021395455897 0.005773804279091129
SLC25A46 0.0028727861316534434 0.002872786131653347 0.0057455722633067904
SEPT8 0.002869045104886811 0.002869045104886884 0.0057380902097736945
GALNTL4 0.002853246711289838 0.002853246711289816 0.0057064934225796535
ABCA4 0.002851888497503275 0.0028518884975032893 0.005703776995006564
MGAT4A 0.0028161375180104547 0.0028161375180104026 0.005632275036020857
ST8SIA3 0.0028073841819549255 0.002807384181954944 0.00561476836390987
NCK2 0.0027858208573878955 0.0027858208573879393 0.0055716417147758344
AGAP11 0.002783211076091759 0.0027832110760918458 0.005566422152183605
NCOA6 0.0027698013685394833 0.0027698013685394903 0.005539602737078974
RABIF 0.0027640785987580923 0.0027640785987581417 0.005528157197516234
HACE1 0.002753412705261794 0.0027534127052617793 0.005506825410523573
LOC340017 0.0027473238889848327 0.0027473238889848734 0.005494647777969706
OR8D1 0.0026693842410127236 0.0026693842410126963 0.00533876848202542
RUNX3 0.00263440434161047 0.002634404341610351 0.005268808683220821
CXCL16 0.0025961948208799027 0.0025961948208798936 0.005192389641759797
FLYWCH2 0.002575140691727408 0.0025751406917273985 0.005150281383454807
MGC13005 0.0025352293935190693 0.0025352293935190823 0.005070458787038152
PRR14 0.0025117920232691406 0.0025117920232691883 0.005023584046538329
VAX2 0.002485287134075027 0.0024852871340750567 0.004970574268150084
LOC648691 0.0024809685142598474 0.0024809685142598583 0.004961937028519705
LOC100128675 0.002478282867713828 0.00247828286771386 0.004956565735427688
SGK196 0.00245660917748368 0.0024566091774836742 0.004913218354967355
MMP12 0.0024139955495755595 0.0024139955495755894 0.004827991099151149
HMGB1 0.0024132231086666533 0.00241322310866661 0.004826446217333263
GGN 0.0024102244721175606 0.002410224472117515 0.004820448944235075
TMEM39B 0.0024088342356988848 0.002408834235698919 0.004817668471397803
SFRS3 0.0023993271470456184 0.0023993271470455135 0.004798654294091132
LMO3 0.002394089013018866 0.002394089013018883 0.004788178026037749
USP53 0.002357079470354381 0.002357079470354464 0.004714158940708845
DMP1 0.002343108626268035 0.002343108626268044 0.004686217252536078
OSR2 0.0023426451911471298 0.002342645191147185 0.004685290382294314
FAM195B 0.002334795474846439 0.002334795474846478 0.004669590949692917
FAM120B 0.00232982697810357 0.0023298269781035436 0.004659653956207113
CYP1A2 0.0023238152519618675 0.0023238152519618168 0.004647630503923684
APOL3 0.0023128456137971477 0.0023128456137970974 0.004625691227594245
SPAG6 0.0023011314690789832 0.002301131469079002 0.004602262938157985
ZNF248 0.0022997488649086654 0.0022997488649086077 0.004599497729817274
KLHDC2 0.0022984876772938374 0.002298487677293861 0.004596975354587698
PRKAB2 0.0022740184859845435 0.0022740184859846 0.004548036971969143
ACOX3 0.0022718207625857852 0.002271820762585792 0.004543641525171577
BLVRA 0.0022513643513450967 0.0022513643513450855 0.004502728702690182
LIME1 0.002242952695895673 0.002242952695895711 0.004485905391791384
MAPK9 0.0022298322771012315 0.0022298322771011473 0.004459664554202379
SGCE 0.0022278461892595485 0.0022278461892595415 0.00445569237851909
HIST2H2BF 0.0022213279364290094 0.0022213279364290176 0.004442655872858027
RILP 0.0021940266574321118 0.002194026657432128 0.00438805331486424
MKNK2 0.002189782482486355 0.002189782482486263 0.004379564964972618
STAT3 0.0021614535919541643 0.0021614535919542172 0.0043229071839083815
GSTM5 0.0021551368738130633 0.0021551368738130334 0.004310273747626096
LOXL3 0.002136263216444313 0.0021362632164443124 0.004272526432888625
RBM47 0.002128285232098924 0.002128285232098918 0.004256570464197842
PIGB 0.0021214938936340902 0.002121493893634076 0.004242987787268166
HNRNPF 0.00210892720795716 0.002108927207957162 0.004217854415914322
ZNF263 0.002097899335753127 0.0020978993357530385 0.0041957986715061655
CMTM6 0.0020936551512290825 0.002093655151229126 0.004187310302458208
DLEU7 0.002082240262177536 0.002082240262177538 0.004164480524355074
MELK 0.002080226596678526 0.0020802265966785006 0.004160453193357026
RANGAP1 0.0020734338411086232 0.002073433841108655 0.004146867682217278
MTIF3 0.0020619301765304977 0.002061930176530489 0.004123860353060987
CDX2 0.00205712849615551 0.0020571284961555477 0.004114256992311058
ZFP62 0.0020546282943119084 0.002054628294311863 0.004109256588623772
DSCR6 0.0020361210920403256 0.00203612109204007 0.004072242184080395
SIRT1 0.0020343226900666487 0.0020343226900666474 0.004068645380133296
HOXC4 0.0020198465668835553 0.00201984656688356 0.004039693133767116
OSBPL8 0.00201166575312753 0.0020116657531275804 0.0040233315062551105
POLR3C 0.0020078282295915096 0.0020078282295915443 0.004015656459183054
GNRH2 0.002005117737395485 0.0020051177373954566 0.004010235474790942
CDC42SE2 0.0020021742389458256 0.0020021742389456317 0.004004348477891457
CDCA4 0.001989070101832338 0.0019890701018323775 0.003978140203664715
P4HA1 0.0019844183301419094 0.0019844183301419576 0.003968836660283867
RPRM 0.0019841055843682334 0.00198410558436819 0.003968211168736423
CYB5R2 0.0019822259502881665 0.0019822259502884102 0.003964451900576577
RPL7 0.0019656105013158127 0.0019656105013159024 0.003931221002631715
CRHR2 0.0019465275837494231 0.0019465275837494303 0.0038930551674988536
ANKRD13B 0.001939834108295404 0.0019398341082953556 0.0038796682165907594
VPS13B 0.001937924177247773 0.0019379241772477479 0.003875848354495521
ZMIZ1 0.001936179759245708 0.0019361797592457003 0.0038723595184914084
MRPS23 0.0019293316353110757 0.0019293316353110983 0.003858663270622174
REST 0.0019190580466365813 0.0019190580466364917 0.003838116093273073
ABHD12B 0.0019174343729816382 0.0019174343729816672 0.0038348687459633054
RFWD2 0.0019002732926051667 0.0019002732926051448 0.0038005465852103118
NSUN4 0.0019002622027850021 0.0019002622027850494 0.0038005244055700515
ZFAND2A 0.001893124069681159 0.0018931240696812332 0.003786248139362392
DMRT3 0.0018830332478590333 0.001883033247858938 0.0037660664957179712
VDAC1 0.0018799476692672238 0.0018799476692672062 0.0037598953385344297
SMCR7 0.0018798679512346751 0.001879867951234728 0.003759735902469403
UBE2H 0.0018783217402769561 0.0018783217402769225 0.0037566434805538784
UBTF 0.0018664871071447462 0.0018664871071447692 0.0037329742142895154
FAM186A 0.0018656834404682909 0.0018656834404682412 0.003731366880936532
HMGCR 0.0018654753019916568 0.0018654753019916829 0.0037309506039833397
C16orf57 0.001855160834629359 0.0018551608346292687 0.0037103216692586276
PDZD8 0.0018466782344717513 0.0018466782344717287 0.00369335646894348
MIR376B 0.0018452032249949165 0.0018452032249948688 0.0036904064499897853
MIR1178 0.0018414849191986903 0.0018414849191987048 0.0036829698383973953
TIGD1 0.0018403651793342534 0.0018403651793342502 0.003680730358668504
ANG 0.0018295479143957468 0.001829547914395789 0.0036590958287915356
RPTOR 0.0018277140775440081 0.0018277140775439815 0.00365542815508799
XPNPEP1 0.0018174686370981054 0.00181746863709812 0.003634937274196225
DDIT3 0.0018146093761839464 0.001814609376183993 0.0036292187523679397
ACBD5 0.0018129494192305675 0.00181294941923059 0.0036258988384611575
ZCCHC3 0.0018124191454475993 0.0018124191454476142 0.0036248382908952133
STAG3 0.00181010341755651 0.0018101034175564926 0.0036202068351130026
RPN1 0.0018088055820563483 0.0018088055820563477 0.0036176111641126963
ELMO1 0.0018046741107161114 0.001804674110716165 0.0036093482214322762
PLCG1 0.0017931210416297512 0.001793121041629573 0.0035862420832593243
RBAK 0.0017907197763399022 0.0017907197763398885 0.0035814395526797905
FREM1 0.001778379096112924 0.0017783790961129263 0.00355675819222585
MTMR14 0.0017759960482966 0.001775996048296584 0.003551992096593184
ALPL 0.0017729447265188588 0.001772944726518873 0.003545889453037732
SPRY4 0.001769029667173861 0.0017690296671738419 0.003538059334347703
MYH10 0.0017651526870900345 0.0017651526870900206 0.003530305374180055
DMRTA2 0.0017592649184986799 0.001759264918498733 0.0035185298369974126
SGPL1 0.0017419165392623484 0.0017419165392624635 0.003483833078524812
PLA2G2A 0.0017405065360232175 0.0017405065360232446 0.0034810130720464624
MUM1 0.0017348451473843418 0.001734845147384347 0.0034696902947686887
CNIH4 0.0017347181980428574 0.001734718198042954 0.003469436396085811
NEURL3 0.0017254389666424542 0.0017254389666424151 0.0034508779332848693
TBX4 0.001719947195726653 0.0017199471957267064 0.0034398943914533595
RTBDN 0.001717378840496521 0.001717378840496506 0.003434757680993027
C12orf61 0.001713776503472707 0.0017137765034727591 0.003427553006945466
GPR116 0.0017117966383869774 0.0017117966383869813 0.0034235932767739587
C6orf145 0.0017081027252724465 0.0017081027252724382 0.0034162054505448847
SERINC5 0.0017022975083221825 0.0017022975083221654 0.003404595016644348
LIMS2 0.0017011448762558723 0.0017011448762558768 0.0034022897525117493
CBY3 0.0017000311032476176 0.001700031103247642 0.00340006220649526
EXOC3L2 0.0016999776604543263 0.0016999776604544128 0.0033999553209087393
HAPLN2 0.001697371129816179 0.0016973711298159527 0.003394742259632132
ZNF28 0.0016946691957044507 0.0016946691957044073 0.003389338391408858
SIX3 0.0016908831316915414 0.0016908831316915201 0.0033817662633830615
PRPF31 0.0016833036745276034 0.0016833036745276364 0.0033666073490552398
LYPD3 0.0016665849416927282 0.0016665849416927967 0.003333169883385525
SPAG1 0.0016665364606614857 0.0016665364606615295 0.003333072921323015
ABLIM3 0.0016652423474980069 0.0016652423474979722 0.003330484694995979
GRPEL1 0.0016505726674296314 0.0016505726674296665 0.003301145334859298
SCG5 0.0016448404785051156 0.001644840478505159 0.0032896809570102745
MTRF1L 0.001642203722919016 0.0016422037229189355 0.0032844074458379512
XRCC5 0.001639826732119298 0.0016398267321192724 0.0032796534642385703
ERRFI1 0.0016379830502843847 0.0016379830502843977 0.0032759661005687824
PKMYT1 0.0016372244025497414 0.0016372244025497384 0.00327444880509948
RPL27 0.0016357354039590194 0.001635735403959019 0.0032714708079180383
C21orf56 0.0016223051398792665 0.0016223051398792554 0.003244610279758522
ZNF239 0.0016154948304907043 0.0016154948304906345 0.0032309896609813388
IKZF2 0.0016129050103760238 0.0016129050103759796 0.0032258100207520034
RAB33B 0.0016120792895227983 0.0016120792895227775 0.0032241585790455758
ADORA1 0.0016078014356866403 0.001607801435686641 0.0032156028713732814
ADAMTSL4 0.0016060374541538853 0.0016060374541538983 0.0032120749083077837
RPP38 0.001587732774303896 0.0015877327743038599 0.003175465548607756
AQP10 0.001585139724769798 0.0015851397247698094 0.0031702794495396076
PPP2R5A 0.0015794135436472544 0.0015794135436472383 0.0031588270872944927
PGCP 0.0015784334486960328 0.0015784334486960792 0.003156866897392112
SLC38A2 0.0015761378363169727 0.0015761378363169647 0.0031522756726339377
MAN1C1 0.0015744751683419908 0.0015744751683419503 0.0031489503366839413
ZNF862 0.0015737237125750495 0.0015737237125750861 0.003147447425150136
MUC13 0.0015724791257435392 0.0015724791257436005 0.00314495825148714
C2orf65 0.0015713868629346154 0.0015713868629345447 0.00314277372586916
CRTAC1 0.001568236248211862 0.00156823624821185 0.003136472496423712
PRR15 0.0015662657900514278 0.0015662657900514655 0.0031325315801028933
GPRIN2 0.0015645172393126642 0.0015645172393126301 0.003129034478625294
MKL1 0.0015629307265520227 0.0015629307265520125 0.003125861453104035
TCIRG1 0.001562903822235557 0.0015629038222355258 0.003125807644471083
CSNK1G2 0.0015603383453313743 0.0015603383453313528 0.003120676690662727
UGT2B15 0.001557187052374295 0.0015571870523743343 0.0031143741047486295
PRR23C 0.0015470087259494784 0.001547008725949505 0.0030940174518989836
GTF3C1 0.0015456324941862856 0.001545632494186261 0.003091264988372547
CHMP4C 0.0015439592036479352 0.0015439592036479656 0.003087918407295901
PAK6 0.001543748468198819 0.0015437484681988032 0.003087496936397622
OR9Q1 0.0015413846012569212 0.0015413846012570244 0.0030827692025139457
NCRNA00114 0.0015406765994429457 0.001540676599442924 0.00308135319888587
YAP1 0.0015387920026007755 0.0015387920026007603 0.0030775840052015358
TCEB1 0.0015374062088022275 0.0015374062088022867 0.003074812417604514
PITPNM2 0.0015309872904318898 0.0015309872904319935 0.0030619745808638833
ZNF227 0.0015283899137603465 0.0015283899137602838 0.00305677982752063
ZCCHC17 0.001523760268504554 0.0015237602685046051 0.003047520537009159
YTHDF2 0.0015228375262632931 0.0015228375262632933 0.0030456750525265867
C12orf51 0.001522078275164318 0.0015220782751642784 0.003044156550328596
CTXN3 0.0015217565561622486 0.0015217565561622258 0.0030435131123244747
FOXP1 0.0015211177306969515 0.0015211177306969272 0.0030422354613938787
GLOD4 0.001511025104275753 0.0015110251042757552 0.003022050208551508
ZNF167 0.0015055049185151966 0.001505504918515262 0.0030110098370304587
CCDC64 0.0015045918276193095 0.0015045918276192839 0.0030091836552385933
AGFG1 0.0015041264914806792 0.0015041264914806983 0.0030082529829613775
EVX1 0.001499659859524528 0.0014996598595245119 0.00299931971904904
LTBP1 0.001495216159889553 0.0014952161598896362 0.002990432319779189
AURKA 0.001486170536057037 0.0014861705360570527 0.0029723410721140897
HMGN3 0.001484874070826633 0.0014848740708266633 0.002969748141653296
BCDIN3D 0.0014768882261092819 0.0014768882261093626 0.0029537764522186444
DUSP6 0.001475469002972686 0.001475469002972682 0.002950938005945368
TBXAS1 0.001474711609048774 0.0014747116090487683 0.0029494232180975423
SMPD3 0.0014608188986694637 0.001460818898669454 0.0029216377973389175
CHRNA10 0.0014582088224267327 0.0014582088224266985 0.002916417644853431
C2orf50 0.0014534668526712971 0.0014534668526713032 0.0029069337053426003
HIST1H2BH 0.0014528662840558385 0.001452866284055865 0.0029057325681117034
MOGS 0.00144505044519926 0.0014450504451992993 0.002890100890398559
ORC4L 0.00144192284425339 0.0014419228442533482 0.002883845688506738
URB2 0.0014391523601028152 0.0014391523601027887 0.002878304720205604
DDR1 0.0014374090089726641 0.0014374090089726605 0.0028748180179453244
DNAJC5 0.0014346041704836917 0.0014346041704837377 0.0028692083409674295
KIFC3 0.0014242556977202081 0.0014242556977202114 0.0028485113954404197
GPD1L 0.001422964270559268 0.0014229642705592465 0.0028459285411185148
HMGXB4 0.0014190427552572837 0.0014190427552572544 0.0028380855105145384
CTBP2 0.0014186947995875631 0.0014186947995876308 0.002837389599175194
TBX15 0.001408303883503446 0.0014083038835034536 0.0028166077670068995
ATG16L1 0.001404908209104053 0.0014049082091040501 0.0028098164182081033
ZMAT3 0.0014048744201795083 0.0014048744201795448 0.002809748840359053
RPL41 0.0014007861483844944 0.001400786148384505 0.0028015722967689996
CALU 0.0013971114865437772 0.001397111486543806 0.0027942229730875835
CCL28 0.001395575376055487 0.001395575376055501 0.002791150752110988
NOLC1 0.0013919493895827408 0.0013919493895827003 0.0027838987791654413
PDRG1 0.0013905082638414397 0.00139050826384144 0.00278101652768288
RGS22 0.0013867882267901077 0.001386788226790141 0.0027735764535802487
LRP5L 0.001386049931340168 0.0013860499313402353 0.0027720998626804033
C20orf29 0.00138451933777074 0.001384519337770745 0.0027690386755414853
KCNQ1OT1 0.0013838466098729687 0.001383846609872948 0.0027676932197459167
CDC42EP1 0.0013803492199986043 0.001380349219998471 0.002760698439997075
MIR611 0.0013744874140332011 0.0013744874140331456 0.0027489748280663468
ZNF295 0.0013733936948727204 0.0013733936948727278 0.0027467873897454483
VASH2 0.001370777412370861 0.0013707774123708134 0.0027415548247416745
TMEM19 0.0013693242760584004 0.0013693242760584267 0.002738648552116827
MTUS1 0.0013666890698682717 0.0013666890698681889 0.0027333781397364605
KLHL33 0.0013635480571150373 0.0013635480571149287 0.002727096114229966
POLR2D 0.001361818274634206 0.0013618182746342109 0.002723636549268417
TSTD1 0.0013586128662545376 0.0013586128662545181 0.0027172257325090558
SNORD94 0.0013585293874399836 0.0013585293874399823 0.002717058774879966
ZNF302 0.0013575746350721716 0.0013575746350721883 0.00271514927014436
ZNF397OS 0.001356981099735605 0.0013569810997355685 0.0027139621994711734
SPG7 0.0013566276108120158 0.0013566276108120028 0.0027132552216240185
C11orf24 0.0013524612817476776 0.0013524612817476373 0.002704922563495315
MLX 0.0013488261247400894 0.001348826124740108 0.0026976522494801974
HOXA10 0.0013480406996430308 0.0013480406996430592 0.0026960813992860898
ZNF385B 0.00134226648390184 0.0013422664839018296 0.0026845329678036696
LIN52 0.001341456328440907 0.0013414563284408554 0.0026829126568817625
TC2N 0.0013406935646159022 0.0013406935646158161 0.0026813871292317186
SOX15 0.0013328312987719933 0.0013328312987718675 0.002665662597543861
RCCD1 0.0013303595953193035 0.0013303595953192333 0.002660719190638537
PSMB8 0.0013292783053312591 0.0013292783053312704 0.0026585566106625295
ACSL3 0.0013292686059870847 0.001329268605987162 0.0026585372119742466
KCNE4 0.001328104599555167 0.0013281045995551647 0.002656209199110332
MIER2 0.0013265614508647643 0.0013265614508647348 0.002653122901729499
BTAF1 0.0013246780573691074 0.00132467805736909 0.0026493561147381975
ARFGAP1 0.0013234902215426623 0.001323490221542709 0.0026469804430853715
RNF34 0.0013220977290918441 0.0013220977290918747 0.0026441954581837186
MIR654 0.0013196599729798915 0.0013196599729798555 0.002639319945959747
SNX24 0.0013183825052606741 0.0013183825052605009 0.002636765010521175
BAT1 0.0013165093126442644 0.001316509312644263 0.0026330186252885275
STAG3L4 0.001316388401928836 0.0013163884019288456 0.0026327768038576817
RAB9P1 0.0013158660148535183 0.0013158660148534593 0.0026317320297069777
PPP3R1 0.0013138421795876405 0.0013138421795876305 0.002627684359175271
C15orf51 0.0013131658099970332 0.0013131658099970489 0.002626331619994082
LASP1 0.001312716330461277 0.0013127163304613241 0.002625432660922601
MXD3 0.0013124701122193875 0.001312470112219403 0.0026249402244387906
PACSIN3 0.0013114375728123186 0.0013114375728123253 0.0026228751456246436
MEOX2 0.001308096123834336 0.0013080961238343153 0.002616192247668651
C1orf163 0.0012997758836135213 0.0012997758836134532 0.0025995517672269745
TBCD 0.0012989563925475847 0.0012989563925476112 0.002597912785095196
STIL 0.0012977313007388957 0.001297731300738898 0.0025954626014777936
UBASH3B 0.001291034117072371 0.0012910341170723808 0.002582068234144752
MANF 0.0012907465249524484 0.0012907465249524558 0.0025814930499049042
RALGAPB 0.001288563357862297 0.0012885633578623291 0.002577126715724626
FDX1 0.00128791939561399 0.0012879193956139901 0.0025758387912279803
DBF4B 0.0012806967675215715 0.00128069676752161 0.0025613935350431816
SNX27 0.0012800812731718042 0.0012800812731717994 0.0025601625463436035
ZNF232 0.001280027492137626 0.0012800274921375243 0.00256005498427515
FAM196A 0.0012791403072037399 0.0012791403072037531 0.002558280614407493
RHBDF1 0.001277332212725318 0.0012773322127253453 0.0025546644254506633
MYO15A 0.0012742908175908988 0.0012742908175908615 0.0025485816351817603
ZNF738 0.0012732050713538967 0.0012732050713539392 0.002546410142707836
FSD1 0.0012722700132104655 0.00127227001321043 0.0025445400264208955
IRF1 0.001271219161122445 0.0012712191611224432 0.002542438322244888
ACAT2 0.0012662259174865459 0.0012662259174864893 0.002532451834973035
C10orf28 0.0012660276089118054 0.0012660276089118626 0.002532055217823668
RNF138 0.001265113843285672 0.0012651138432856752 0.002530227686571347
C8orf38 0.0012634397200497736 0.0012634397200497899 0.0025268794400995637
TRMT1 0.0012627650959966372 0.0012627650959965995 0.0025255301919932366
GCH1 0.0012625562201720758 0.001262556220172051 0.002525112440344127
EFHA1 0.0012613410447748314 0.0012613410447748178 0.002522682089549649
ZKSCAN1 0.001260929170994943 0.0012609291709949851 0.002521858341989928
TBC1D13 0.0012602429305021904 0.0012602429305022178 0.0025204858610044082
HERC1 0.0012601214977531622 0.0012601214977531702 0.0025202429955063325
THRAP3 0.001259278575195772 0.0012592785751958148 0.0025185571503915866
TMEM55B 0.0012577171679009646 0.0012577171679009796 0.002515434335801944
IARS 0.0012575198909040332 0.0012575198909040434 0.0025150397818080768
FCGR3A 0.0012564950164952672 0.0012564950164952805 0.0025129900329905475
HBEGF 0.0012539658821827879 0.0012539658821828245 0.002507931764365612
CORO1C 0.0012537487664876401 0.001253748766487672 0.0025074975329753123
BCL3 0.001253106868915318 0.0012531068689153211 0.0025062137378306392
HGFAC 0.0012486176090946788 0.001248617609094706 0.0024972352181893845
NRCAM 0.001247571899961838 0.0012475718999618798 0.0024951437999237176
FAM91A1 0.0012469053093400668 0.00124690530934007 0.0024938106186801366
CALCOCO2 0.0012461261885461762 0.0012461261885461762 0.0024922523770923525
SLC39A3 0.0012449408582060992 0.0012449408582060977 0.002489881716412197
MAGEL2 0.0012448420068254232 0.0012448420068254308 0.0024896840136508537
PDXP 0.0012436425771196191 0.0012436425771195723 0.0024872851542391914
AAK1 0.0012419835218811194 0.0012419835218811066 0.0024839670437622257
C17orf90 0.0012415102025020246 0.0012415102025019535 0.002483020405003978
CDK13 0.0012413810444138547 0.0012413810444138749 0.0024827620888277294
ADCK5 0.0012406982129005146 0.001240698212900497 0.002481396425801012
HCG18 0.0012402043272941373 0.0012402043272941301 0.002480408654588267
RNF215 0.001234397887416374 0.0012343978874164055 0.0024687957748327797
FSTL4 0.0012297489712045492 0.0012297489712045312 0.00245949794240908
ZNF696 0.0012278067903409204 0.0012278067903409254 0.002455613580681846
ZNF181 0.0012243856460022043 0.0012243856460022043 0.0024487712920044087
CCDC144NL 0.0012226450742543271 0.001222645074254344 0.002445290148508671
HDAC2 0.0012224354652859736 0.0012224354652859899 0.0024448709305719633
E2F2 0.0012221304312652359 0.0012221304312653217 0.0024442608625305576
PTBP2 0.0012206237336378166 0.0012206237336378372 0.0024412474672756536
GAL3ST3 0.0012196011559907644 0.001219601155990747 0.0024392023119815115
LRRN1 0.0012188855842467754 0.0012188855842469703 0.002437771168493746
LOC401431 0.0012173928872103805 0.0012173928872103985 0.0024347857744207793
RNF144A 0.0012147964501620318 0.0012147964501620582 0.00242959290032409
NQO2 0.001214605759929535 0.0012146057599295298 0.0024292115198590648
YIF1A 0.0012140876267507053 0.0012140876267506952 0.0024281752535014007
LRRN4CL 0.0012139572725019373 0.001213957272501964 0.002427914545003901
ADAR 0.0012127949579660536 0.0012127949579660402 0.0024255899159320938
IRF2 0.0012119517710863336 0.0012119517710863419 0.0024239035421726755
RIMS3 0.0012106086364533062 0.001210608636453294 0.0024212172729066003
SNHG9 0.0012085106378943561 0.0012085106378944249 0.002417021275788781
PPP2R5D 0.0012079457892102622 0.0012079457892102594 0.0024158915784205214
TXNRD3IT1 0.0012078018625194796 0.0012078018625194887 0.002415603725038968
DYSFIP1 0.001207053697901867 0.0012070536979018375 0.0024141073958037045
DEPDC5 0.0012057306669439284 0.0012057306669439566 0.002411461333887885
SLC2A14 0.0012051622133278622 0.00120516221332789 0.002410324426655752
VPS18 0.0012039173359387346 0.0012039173359387925 0.002407834671877527
AKNA 0.0012006531600768807 0.0012006531600768024 0.002401306320153683
SLC27A3 0.001200301961420429 0.0012003019614204675 0.0024006039228408964
LITAF 0.001199236695470376 0.0011992366954703634 0.0023984733909407393
ZNF225 0.0011986628702173496 0.0011986628702173566 0.0023973257404347062
GRAPL 0.0011985522500128829 0.0011985522500129145 0.0023971045000257974
MYO1B 0.001198177307079456 0.0011981773070794898 0.0023963546141589458
TCL6 0.0011979442395704963 0.0011979442395705238 0.00239588847914102
BMPR1A 0.00119779859132354 0.0011977985913234853 0.0023955971826470253
CCND3 0.0011955879147704206 0.0011955879147704236 0.002391175829540844
ABTB2 0.0011954312730584247 0.0011954312730584125 0.002390862546116837
GBAP1 0.0011953952927005367 0.0011953952927005393 0.002390790585401076
HELQ 0.0011945531988638083 0.0011945531988637723 0.0023891063977275807
ACTL6A 0.0011937946122155588 0.0011937946122155397 0.0023875892244310986
LGALS9C 0.0011932564992646558 0.0011932564992646344 0.00238651299852929
ZNF367 0.0011929863862915214 0.0011929863862914813 0.002385972772583003
SLC25A16 0.001192561998388167 0.0011925619983881649 0.002385123996776332
NACAP1 0.0011917654645690443 0.0011917654645689877 0.002383530929138032
LOC284798 0.001191738861180699 0.001191738861180689 0.002383477722361388
FBXL20 0.0011914124076533603 0.0011914124076533434 0.0023828248153067036
YLPM1 0.0011912486811913078 0.0011912486811912837 0.0023824973623825917
NEIL2 0.00119084887536529 0.0011908488753652987 0.0023816977507305887
LY6G5C 0.0011890848771523232 0.0011890848771522393 0.0023781697543045627
TMEM104 0.0011848812176543815 0.0011848812176543113 0.002369762435308693
ZC3H3 0.0011832641049202934 0.0011832641049202923 0.0023665282098405856
TNIP1 0.0011818027801928487 0.0011818027801929897 0.0023636055603858384
SMNDC1 0.00118130071052985 0.001181300710529784 0.002362601421059634
PPP4R1 0.0011716277695419234 0.001171627769541902 0.002343255539083825
LOC100128640 0.0011697341447748462 0.0011697341447748587 0.002339468289549705
GABPB2 0.0011695603649794959 0.001169560364979445 0.0023391207299589406
ZNF589 0.0011686796350794581 0.0011686796350794634 0.0023373592701589215
FAM194B 0.001167959846148347 0.0011679598461484155 0.0023359196922967626
TRPV1 0.001166727771424444 0.0011667277714244606 0.0023334555428489046
MIR641 0.0011661952118279435 0.0011661952118279858 0.002332390423655929
STAU1 0.0011656570797780148 0.0011656570797780159 0.002331314159556031
ALDH9A1 0.001165223235082351 0.001165223235082381 0.002330446470164732
SMAD6 0.0011620044874497211 0.0011620044874497296 0.002324008974899451
EZH2 0.0011619394947489001 0.0011619394947488967 0.0023238789894977968
GPNMB 0.0011617063364288602 0.0011617063364288498 0.00232341267285771
WDR26 0.0011611796386729988 0.0011611796386730023 0.002322359277346001
SPTBN1 0.0011606416772146446 0.0011606416772146125 0.002321283354429257
SNORD30 0.0011603362931349632 0.0011603362931349454 0.0023206725862699087
NID1 0.0011573230995701005 0.0011573230995700096 0.00231464619914011
MALL 0.0011567005957705064 0.001156700595770508 0.0023134011915410145
TSTA3 0.0011561814062805123 0.0011561814062805106 0.002312362812561023
WDFY3 0.001156060072775604 0.0011560600727755837 0.002312120145551188
DUSP13 0.0011539846018146325 0.0011539846018145457 0.002307969203629178
SOS1 0.0011527148748717055 0.0011527148748717013 0.0023054297497434066
PLEKHB2 0.0011522587582529606 0.0011522587582529782 0.0023045175165059386
KIAA1143 0.0011512521393217813 0.0011512521393217921 0.0023025042786435734
MTCH1 0.0011486274471205207 0.0011486274471204307 0.0022972548942409516
RTN4 0.0011475274301682345 0.0011475274301681443 0.002295054860336379
LAG3 0.001145864942522845 0.001145864942522865 0.00229172988504571
DLG2 0.001143826166599914 0.001143826166599915 0.002287652333199829
STK35 0.0011422753776512415 0.001142275377651241 0.0022845507553024827
CANX 0.0011397606723018857 0.0011397606723019071 0.002279521344603793
COMT 0.0011394583866050387 0.0011394583866050313 0.00227891677321007
MEG8 0.0011383244079929647 0.0011383244079929652 0.00227664881598593
TRIM56 0.0011382956801320977 0.0011382956801321016 0.0022765913602641992
SFRS16 0.001137575701348148 0.001137575701348047 0.002275151402696195
TMEM219 0.0011351664490052587 0.001135166449005256 0.002270332898010515
CDK4 0.0011329744816465117 0.001132974481646487 0.0022659489632929986
C2orf52 0.0011315255310212623 0.001131525531021288 0.00226305106204255
PRR20E 0.0011308281852191377 0.0011308281852191369 0.0022616563704382746
CENPF 0.0011291856922814015 0.0011291856922813277 0.0022583713845627292
ZSCAN18 0.0011279310135519926 0.0011279310135519816 0.0022558620271039744
ZNF366 0.001127174142014585 0.0011271741420145827 0.002254348284029168
ZNF32 0.001127054424757871 0.0011270544247578439 0.002254108849515715
CTNNBIP1 0.0011262204673317911 0.0011262204673317666 0.002252440934663558
NUS1 0.0011258444715186934 0.0011258444715186392 0.0022516889430373326
PDE4C 0.0011254956500978965 0.001125495650097885 0.0022509913001957814
PRDM8 0.0011244081605274955 0.001124408160527462 0.0022488163210549576
KIAA0182 0.0011234173087009752 0.0011234173087009934 0.0022468346174019686
MIR365-2 0.001120574367962068 0.0011205743679620285 0.0022411487359240965
CEBPD 0.0011205448084575023 0.0011205448084574637 0.002241089616914966
LOC284749 0.001117342412891774 0.001117342412891845 0.0022346848257836192
MAN2C1 0.0011168603212269644 0.0011168603212270167 0.0022337206424539813
ZHX2 0.0011167685740905973 0.0011167685740906118 0.0022335371481812093
SKIL 0.0011161361693821398 0.00111613616938214 0.00223227233876428
ATXN1 0.0011147057412950851 0.0011147057412950947 0.0022294114825901798
PIGT 0.0011145953981264007 0.0011145953981264475 0.002229190796252848
VASH1 0.0011136264397019508 0.0011136264397018987 0.0022272528794038495
ETV2 0.0011135832649741438 0.0011135832649740891 0.002227166529948233
MOSPD3 0.0011112867371279411 0.0011112867371279166 0.002222573474255858
FLAD1 0.0011100647987007481 0.0011100647987007967 0.002220129597401545
MPPE1 0.001109819941655336 0.0011098199416553546 0.0022196398833106905
DDX46 0.0011088550294383864 0.001108855029438395 0.0022177100588767814
FBXO32 0.001106927462720527 0.0011069274627204767 0.0022138549254410037
MBD6 0.0011068933514484646 0.0011068933514483672 0.0022137867028968316
TSPAN1 0.001106857371539794 0.0011068573715398158 0.00221371474307961
NLK 0.0011061087160587626 0.0011061087160587355 0.002212217432117498
MYST4 0.001105747915291389 0.0011057479152913638 0.0022114958305827527
PHF1 0.0011047933142324998 0.0011047933142325245 0.0022095866284650243
PTCH1 0.001104195762895554 0.0011041957628954904 0.002208391525791044
CABP4 0.0011038080478117068 0.001103808047811779 0.0022076160956234856
DHX58 0.0011035145635819948 0.0011035145635820308 0.0022070291271640255
DOPEY2 0.0011028484160785636 0.001102848416078615 0.0022056968321571783
DMXL1 0.0011023635834706636 0.001102363583470684 0.0022047271669413475
CLK2P 0.001101242267949794 0.0011012422679498124 0.002202484535899606
GJC2 0.001101100657167621 0.001101100657167614 0.002202201314335235
PAIP2 0.0011007052892395002 0.0011007052892395206 0.0022014105784790208
PSMD13 0.0010996537053314672 0.001099653705331465 0.0021993074106629322
LGALS9 0.0010992018595361902 0.0010992018595361347 0.002198403719072325
SIN3A 0.0010975569223022452 0.0010975569223022482 0.0021951138446044934
C8G 0.0010967172721766478 0.001096717272176632 0.0021934345443532796
TMEM173 0.0010958658452784248 0.0010958658452784932 0.002191731690556918
NEK5 0.0010954476274794302 0.0010954476274794686 0.0021908952549588986
ANKRD27 0.0010953633641243067 0.0010953633641242557 0.0021907267282485626
FAM161A 0.0010942147085888107 0.0010942147085886737 0.0021884294171774844
STK11IP 0.0010936961576197097 0.001093696157619656 0.0021873923152393657
HCG9 0.0010928566774770652 0.0010928566774770204 0.002185713354954086
BAT2 0.001092732153726034 0.0010927321537260327 0.0021854643074520667
SLC22A4 0.00109208220824184 0.0010920822082418396 0.0021841644164836797
FAM131A 0.0010916332516967926 0.001091633251696788 0.002183266503393581
FAM82A2 0.0010909463657712416 0.0010909463657712644 0.0021818927315425058
FAM103A1 0.0010897168517744445 0.001089716851774425 0.0021794337035488695
SNORA1 0.0010889417322599221 0.0010889417322599113 0.0021778834645198334
B4GALT5 0.0010873988321564102 0.0010873988321564079 0.0021747976643128183
UAP1 0.0010866421256343294 0.0010866421256343324 0.002173284251268662
ALKBH3 0.001086184734422737 0.0010861847344225061 0.0021723694688452434
MEF2C 0.0010859394938117126 0.0010859394938116911 0.0021718789876234035
ENTPD6 0.0010853641038186105 0.0010853641038186146 0.0021707282076372254
C1orf158 0.0010804394354936757 0.0010804394354936517 0.002160878870987327
RGS12 0.0010793113084602035 0.0010793113084601603 0.0021586226169203636
MRPS18C 0.0010789321275696847 0.0010789321275697218 0.002157864255139407
CCDC51 0.0010766298261167706 0.0010766298261167214 0.0021532596522334923
POPDC2 0.0010761854543912806 0.0010761854543912303 0.002152370908782511
ANKRD11 0.0010757560679830818 0.001075756067983155 0.002151512135966237
UBXN6 0.0010743714315903578 0.0010743714315903676 0.002148742863180725
AHNAK 0.0010743001185813219 0.0010743001185812974 0.002148600237162619
CDK5RAP1 0.001074200605998229 0.0010742006059982455 0.0021484012119964745
SSB 0.001074068222936672 0.001074068222936683 0.002148136445873355
BRCA1 0.0010739545887709795 0.0010739545887710092 0.002147909177541989
AKAP8 0.0010739292695030943 0.0010739292695031099 0.002147858539006204
PRKCD 0.0010723685377328706 0.0010723685377328662 0.002144737075465737
BTG2 0.0010720802765877258 0.0010720802765877505 0.0021441605531754763
ATP1B3 0.0010720328050284724 0.0010720328050284158 0.0021440656100568884
C19orf50 0.0010716641291764243 0.0010716641291764481 0.0021433282583528724
C16orf81 0.0010715436834959778 0.0010715436834959878 0.0021430873669919656
RDBP 0.0010692489585654092 0.0010692489585652997 0.0021384979171307087
KIAA0664 0.0010691912171433677 0.0010691912171433642 0.002138382434286732
ATAD5 0.0010684336538914166 0.0010684336538914411 0.002136867307782858
VAMP4 0.0010683857299869659 0.0010683857299869698 0.0021367714599739357
GPER 0.0010675983205589664 0.0010675983205588938 0.00213519664111786
C6orf59 0.001067259126926998 0.0010672591269269933 0.0021345182538539914
HCRT 0.0010670783575209666 0.0010670783575209915 0.002134156715041958
C1orf70 0.0010664366650094633 0.0010664366650094369 0.0021328733300189
ATP2B4 0.0010620614987304313 0.0010620614987303738 0.002124122997460805
LOC284788 0.001060189662660951 0.001060189662660927 0.0021203793253218783
SEMA6C 0.0010594337830215955 0.0010594337830215415 0.002118867566043137
MED20 0.0010590515782837086 0.0010590515782836565 0.002118103156567365
C13orf33 0.0010590208509123815 0.001059020850912462 0.0021180417018248432
PKNOX2 0.0010572319865352617 0.001057231986535285 0.0021144639730705465
POLE 0.0010569199254110001 0.0010569199254110608 0.002113839850822061
NOD1 0.0010564895785176635 0.001056489578517682 0.0021129791570353457
MRPL15 0.0010554836387811676 0.001055483638781167 0.0021109672775623343
SLC22A2 0.0010541417741292145 0.001054141774129208 0.0021082835482584225
PHTF1 0.0010507472564900964 0.001050747256490079 0.0021014945129801755
ARHGAP25 0.0010504775396995758 0.0010504775396994342 0.0021009550793990098
STARD6 0.0010491629413251608 0.001049162941325136 0.002098325882650297
GALK1 0.0010488572242842698 0.001048857224284222 0.002097714448568492
SLC12A7 0.0010471553551260084 0.0010471553551260212 0.0020943107102520293
CDAN1 0.0010469453741610427 0.00104694537416101 0.002093890748322053
ETFA 0.001046766645317745 0.0010467666453177645 0.0020935332906355094
SOLH 0.0010461603490683302 0.001046160349068304 0.0020923206981366344
PFKFB4 0.0010450724266936212 0.0010450724266936507 0.002090144853387272
FGFR1OP 0.0010442005091910954 0.0010442005091910844 0.0020884010183821796
THOC6 0.0010441090028222909 0.0010441090028222764 0.0020882180056445675
NARF 0.0010439267900711243 0.0010439267900711295 0.002087853580142254
PRL 0.001042806855063393 0.0010428068550633863 0.0020856137101267795
C7orf70 0.0010411572917806253 0.001041157291780608 0.0020823145835612332
ESCO1 0.0010389507814679746 0.001038950781467926 0.0020779015629359006
MC4R 0.0010386959202543249 0.0010386959202543958 0.0020773918405087204
TECPR1 0.0010386776336064828 0.0010386776336065644 0.002077355267213047
RAD21 0.0010381958282779794 0.0010381958282779718 0.0020763916565559514
BRP44L 0.001038095087325315 0.001038095087325284 0.002076190174650599
SNX16 0.001036471592516405 0.0010364715925163844 0.0020729431850327893
POLH 0.0010352784865959824 0.0010352784865959549 0.002070556973191937
ZSCAN22 0.001032911534798475 0.0010329115347985456 0.0020658230695970205
ANKRD23 0.0010327039120461019 0.0010327039120461429 0.002065407824092245
HIST2H2BA 0.0010320582449101796 0.001032058244910157 0.0020641164898203366
SRPR 0.0010315096963737277 0.001031509696373736 0.0020630193927474636
LPIN3 0.0010271243353489395 0.0010271243353489686 0.002054248670697908
TRIB1 0.0010255564329127648 0.001025556432912803 0.002051112865825568
ASB2 0.001024421649559197 0.0010244216495591558 0.0020488432991183528
UQCC 0.001024156976225036 0.0010241569762250117 0.0020483139524500476
FGFR1OP2 0.0010240564546739313 0.0010240564546739176 0.002048112909347849
LOH12CR1 0.001023792898445298 0.001023792898445276 0.0020475857968905737
BCCIP 0.0010231050450300399 0.001023105045030045 0.002046210090060085
TOPBP1 0.0010228658830712081 0.0010228658830711353 0.0020457317661423434
C1orf100 0.0010216919329826691 0.0010216919329826377 0.0020433838659653066
FAM114A1 0.001021573232061359 0.0010215732320613719 0.0020431464641227307
LEAP2 0.0010211304051441065 0.0010211304051441416 0.002042260810288248
TRNT1 0.0010204495615046053 0.001020449561504515 0.0020408991230091203
CFTR 0.0010176509153707644 0.001017650915370782 0.0020353018307415465
TMEM80 0.0010171145681915638 0.001017114568191604 0.002034229136383168
MIR1975 0.0010169056536724625 0.0010169056536724593 0.002033811307344922
NSA2 0.001016021748700598 0.0010160217487005356 0.0020320434974011336
ZNF23 0.0010150740337549226 0.0010150740337550323 0.002030148067509955
SDHAF1 0.0010137535478147834 0.001013753547814643 0.0020275070956294267
PTBP1 0.0010134908673159009 0.0010134908673158911 0.0020269817346317918
ZDHHC5 0.001012310919003914 0.001012310919003921 0.002024621838007835
SNORD114-4 0.001012140272974788 0.0010121402729747146 0.0020242805459495024
DAXX 0.001010986547250421 0.0010109865472504843 0.002021973094500905
SNORD46 0.001010950426600083 0.0010109504266001131 0.0020219008532001963
FLJ90757 0.0010107055188045742 0.0010107055188045885 0.0020214110376091626
NAT15 0.001010063234288226 0.001010063234288178 0.002020126468576404
SERP1 0.0010098233289099995 0.0010098233289101421 0.0020196466578201416
METTL13 0.001006996523315039 0.001006996523315072 0.0020139930466301107
MADD 0.001005261199546697 0.0010052611995466764 0.0020105223990933736
AGFG2 0.0010038050864291611 0.0010038050864291373 0.0020076101728582984
MEG3 0.001003470573306942 0.0010034705733069408 0.002006941146613883
C2orf84 0.001002986049204102 0.0010029860492040891 0.0020059720984081913
STK25 0.0010029524376661424 0.001002952437666106 0.0020059048753322483
WDR70 0.0010009027622170986 0.001000902762217125 0.0020018055244342236
SNORA38 0.0009979507967850176 0.0009979507967850727 0.0019959015935700902
CYP51A1 0.0009969169382624931 0.000996916938262493 0.001993833876524986
DCK 0.000996217858979158 0.000996217858979223 0.001992435717958381
SPOCD1 0.0009957165328433183 0.000995716532843307 0.0019914330656866253
SNORD72 0.000994749261783996 0.0009947492617838837 0.0019894985235678797
C7orf29 0.0009937549048606728 0.0009937549048606872 0.00198750980972136
RG9MTD2 0.0009914652082862745 0.0009914652082862658 0.0019829304165725403
RNF141 0.0009913124728647697 0.0009913124728647583 0.001982624945729528
SNORD24 0.0009881446959688418 0.000988144695968684 0.001976289391937526
PACSIN1 0.000987691455293486 0.0009876914552935032 0.001975382910586989
RSBN1L 0.0009875799642083886 0.0009875799642083804 0.001975159928416769
NAPEPLD 0.0009874826130227203 0.000987482613022722 0.0019749652260454423
ARHGDIA 0.0009871915841725616 0.0009871915841725212 0.001974383168345083
KIAA0467 0.0009869899698571915 0.0009869899698570358 0.0019739799397142273
P2RX6P 0.0009865194630755525 0.0009865194630755648 0.0019730389261511175
WRNIP1 0.0009849860005139927 0.0009849860005140345 0.001969972001028027
WNT9B 0.0009847539516604363 0.0009847539516604474 0.001969507903320884
UGGT1 0.000984225878008395 0.0009842258780083928 0.0019684517560167878
RND1 0.0009823541433740665 0.0009823541433740493 0.0019647082867481156
PIK3R3 0.0009810498941266526 0.0009810498941266108 0.001962099788253263
RHOT2 0.0009799938457419905 0.000979993845741956 0.0019599876914839463
AKTIP 0.000977815175029882 0.0009778151750298885 0.0019556303500597705
NUDCD3 0.0009773689124942997 0.0009773689124942142 0.001954737824988514
POLR3D 0.0009772296540527885 0.0009772296540527586 0.001954459308105547
LOC285796 0.0009767039677638458 0.00097670396776384 0.0019534079355276856
FLT3LG 0.0009741892529399002 0.0009741892529398697 0.0019483785058797699
LDB1 0.0009727416115932877 0.0009727416115932746 0.0019454832231865621
C14orf133 0.0009696592160794357 0.0009696592160794753 0.0019393184321589109
KIFC1 0.0009685377369753644 0.0009685377369752715 0.001937075473950636
ZNRF1 0.0009662007693065777 0.0009662007693065983 0.001932401538613176
TAS2R42 0.0009654800315821796 0.0009654800315821918 0.0019309600631643715
SQSTM1 0.000963663435682718 0.000963663435682726 0.001927326871365444
HEY1 0.000962000429913621 0.0009620004299136104 0.0019240008598272315
ORC2L 0.0009617573561801994 0.0009617573561801808 0.0019235147123603802
POM121 0.0009601599196352453 0.0009601599196352722 0.0019203198392705174
GGT1 0.0009597521686158178 0.0009597521686157851 0.001919504337231603
GALT 0.0009592603810986977 0.000959260381098707 0.0019185207621974047
FKBPL 0.000959083952897262 0.0009590839528972935 0.0019181679057945554
RNMT 0.0009571309596755591 0.0009571309596755652 0.0019142619193511243
STARD10 0.0009570178455421947 0.0009570178455421362 0.001914035691084331
EGFL8 0.0009569500540152758 0.0009569500540152558 0.0019139001080305316
PIK3C2B 0.0009557132940210685 0.0009557132940211206 0.001911426588042189
LOC728927 0.0009523880964107687 0.0009523880964107624 0.001904776192821531
CCDC43 0.0009516845303867984 0.0009516845303868219 0.0019033690607736203
GTF2I 0.000951395089449375 0.0009513950894493733 0.0019027901788987484
NAALADL1 0.0009504447863408864 0.0009504447863408303 0.0019008895726817167
HIST1H3G 0.0009504156757451502 0.0009504156757452092 0.0019008313514903593
CYHR1 0.000949422891485408 0.0009494228914854059 0.0018988457829708138
KIAA1712 0.0009490270193458151 0.0009490270193457875 0.0018980540386916026
STK40 0.0009489653794867702 0.0009489653794867343 0.0018979307589735046
ZNF438 0.0009487550901779085 0.0009487550901778776 0.0018975101803557861
SAP30L 0.0009476166036525089 0.0009476166036524967 0.0018952332073050057
DHRS1 0.0009466721590068756 0.0009466721590071743 0.00189334431801405
CLIP2 0.0009462375330092391 0.0009462375330092206 0.0018924750660184596
ZNF687 0.0009459903483526684 0.0009459903483526223 0.0018919806967052908
SLC41A3 0.000945044966672973 0.0009450449666729976 0.0018900899333459706
ADD1 0.000944593745665169 0.0009445937456652162 0.0018891874913303853
SFRS18 0.0009440681345839223 0.000944068134583907 0.0018881362691678294
CAPNS1 0.0009438773168626054 0.0009438773168626412 0.0018877546337252465
EIF1 0.0009423682185366637 0.0009423682185366464 0.00188473643707331
NNT 0.000941691013011527 0.0009416910130115754 0.0018833820260231024
DOLK 0.0009413954525290486 0.0009413954525289899 0.0018827909050580386
C4orf47 0.0009386468747866449 0.0009386468747866656 0.0018772937495733105
LOC100132354 0.0009378299715675067 0.0009378299715675081 0.001875659943135015
PPWD1 0.0009361484187266374 0.0009361484187266185 0.001872296837453256
MAPRE1 0.0009346985778037239 0.0009346985778037256 0.0018693971556074495
DDX42 0.0009327076648521935 0.0009327076648522109 0.0018654153297044044
ZNF322A 0.0009320773116259478 0.0009320773116259258 0.0018641546232518735
MOBKL2C 0.0009299609978752904 0.0009299609978752798 0.0018599219957505702
FKRP 0.0009292134882360927 0.0009292134882360747 0.0018584269764721675
NCRNA00120 0.0009264687513706229 0.0009264687513706312 0.0018529375027412543
NFYA 0.000925819543820043 0.0009258195438198834 0.0018516390876399263
CYP2S1 0.0009254854114023683 0.0009254854114022102 0.0018509708228045786
GNPDA1 0.0009253926247207729 0.0009253926247208243 0.0018507852494415971
PTS 0.0009247546875893704 0.0009247546875893305 0.0018495093751787009
MIR1977 0.0009224593146330761 0.0009224593146330649 0.001844918629266141
NCKAP1 0.0009222226051571004 0.0009222226051571316 0.001844445210314232
GON4L 0.0009185141048136264 0.0009185141048136102 0.0018370282096272367
C16orf88 0.0009182724836854809 0.0009182724836854797 0.0018365449673709605
MRPL46 0.0009165185985622956 0.0009165185985622326 0.001833037197124528
TMEM214 0.0009151623836057638 0.0009151623836058028 0.0018303247672115666
TXNDC6 0.0009146969486968911 0.0009146969486968895 0.0018293938973937807
C9orf41 0.00091315748908177 0.0009131574890817605 0.0018263149781635305
LSM3 0.0009120787314814284 0.0009120787314814719 0.0018241574629629003
LYPLA1 0.0009105319859977779 0.0009105319859977329 0.001821063971995511
SIK1 0.0009103368372301686 0.0009103368372301648 0.0018206736744603336
ID2 0.0009099782134078787 0.0009099782134079106 0.0018199564268157893
SAMM50 0.0009075472481318309 0.000907547248131846 0.001815094496263677
C15orf39 0.0009061739891381709 0.0009061739891381918 0.0018123479782763629
CST9 0.0009058446790870748 0.0009058446790870339 0.0018116893581741089
SFXN2 0.000905135049621069 0.0009051350496210551 0.0018102700992421242
DAAM1 0.0009047529107969115 0.0009047529107969281 0.0018095058215938397
TAS1R1 0.0009046114780543858 0.0009046114780543598 0.0018092229561087456
XPO1 0.0009044765839791045 0.0009044765839790499 0.0018089531679581544
PSPH 0.0009041543677264869 0.0009041543677264912 0.001808308735452978
DNAJC16 0.0009031792660793615 0.0009031792660794173 0.001806358532158779
DAZAP1 0.0009001232160872851 0.0009001232160872743 0.0018002464321745593
KLK6 0.0008996374752190371 0.0008996374752190837 0.0017992749504381208
ZC3H14 0.0008971705591070712 0.00089717055910709 0.0017943411182141612
SLC22A18AS 0.0008958164461829718 0.000895816446182961 0.001791632892365933
C1QTNF1 0.0008953583187307521 0.0008953583187307653 0.0017907166374615175
C20orf11 0.0008942980493304671 0.0008942980493304832 0.0017885960986609504
LOC344595 0.0008929745727313518 0.0008929745727313596 0.0017859491454627113
GAS2L1 0.0008915487575776393 0.000891548757577618 0.0017830975151552574
ARPC4 0.0008904106394939326 0.0008904106394939367 0.0017808212789878694
DENND1B 0.0008898846437729788 0.000889884643772949 0.0017797692875459277
MIR1252 0.0008892712321925085 0.0008892712321925256 0.001778542464385034
HDAC4 0.0008891847400120145 0.0008891847400120387 0.0017783694800240532
HMGXB3 0.0008874863093689548 0.0008874863093690002 0.001774972618737955
RPL7L1 0.0008866291446924836 0.0008866291446924792 0.0017732582893849628
RB1CC1 0.000886566198814228 0.0008865661988142492 0.0017731323976284772
NUCB2 0.0008858464310892375 0.0008858464310892442 0.0017716928621784817
EHBP1 0.0008840043838698687 0.00088400438386999 0.0017680087677398588
FAM153C 0.0008836312650980199 0.0008836312650980218 0.0017672625301960417
ADIPOR1 0.0008827012006160871 0.000882701200616137 0.0017654024012322242
PPP4C 0.0008813298282348142 0.0008813298282348029 0.0017626596564696171
DET1 0.0008807737839354 0.0008807737839353529 0.001761547567870753
PLD1 0.0008798062772269157 0.0008798062772269229 0.0017596125544538386
NR2C1 0.0008785003370524612 0.0008785003370524411 0.0017570006741049024
TRIAP1 0.0008783235814250877 0.0008783235814250941 0.0017566471628501818
PDIK1L 0.0008782572179469631 0.000878257217947008 0.0017565144358939711
SHARPIN 0.0008768244952679444 0.0008768244952678994 0.001753648990535844
TFEB 0.0008759982951008737 0.0008759982951008806 0.0017519965902017542
SLC47A2 0.0008759405478023256 0.0008759405478023374 0.001751881095604663
CLDN19 0.0008750338886089456 0.0008750338886089257 0.0017500677772178713
ZSCAN12L1 0.0008739567234843669 0.000873956723484316 0.0017479134469686828
C7orf65 0.0008737867469441385 0.000873786746944152 0.0017475734938882906
SLC39A7 0.0008735236072562665 0.0008735236072562814 0.0017470472145125478
C2orf79 0.0008720220617315334 0.000872022061731575 0.0017440441234631084
SH3D20 0.0008716419538222584 0.0008716419538222532 0.0017432839076445116
SHPRH 0.0008707310892219166 0.0008707310892218866 0.0017414621784438032
KIAA0528 0.0008698571961775328 0.0008698571961775602 0.0017397143923550931
AMAC1L3 0.000868823918803341 0.0008688239188032251 0.0017376478376065663
CHI3L2 0.0008686243918430124 0.0008686243918430162 0.0017372487836860287
NIPA2 0.0008675092351813445 0.0008675092351813558 0.0017350184703627002
TCEA1 0.0008660710283931994 0.0008660710283931621 0.0017321420567863615
PRR7 0.0008650134416725841 0.0008650134416725997 0.0017300268833451839
AP3D1 0.0008621316447358342 0.0008621316447358464 0.0017242632894716808
WDR87 0.0008617734576334588 0.0008617734576334467 0.0017235469152669055
RALGPS2 0.0008575979999124305 0.000857597999912445 0.0017151959998248755
GRPEL2 0.0008575725911352946 0.0008575725911352699 0.0017151451822705645
HSF2 0.0008572043917322702 0.0008572043917322769 0.001714408783464547
NOMO2 0.0008518293206469608 0.0008518293206469642 0.001703658641293925
MRPL34 0.0008496431369918042 0.0008496431369917924 0.0016992862739835966
RILPL2 0.0008477662193036547 0.0008477662193036447 0.0016955324386072994
WDR38 0.0008464397323455304 0.0008464397323454887 0.0016928794646910192
NBPF15 0.0008458798022389025 0.0008458798022388536 0.0016917596044777562
LGTN 0.0008457949951830061 0.0008457949951830525 0.0016915899903660585
SH3BP4 0.0008457205789544544 0.000845720578954434 0.0016914411579088883
TRIM4 0.0008450279316270191 0.0008450279316270102 0.0016900558632540292
SS18L1 0.0008417408125615502 0.000841740812561542 0.0016834816251230923
SLN 0.0008413933492367623 0.0008413933492367718 0.0016827866984735341
RABGGTA 0.0008401031863626604 0.0008401031863626955 0.0016802063727253558
TBC1D23 0.0008392238827232641 0.0008392238827232426 0.0016784477654465068
MIR2110 0.000838706129069454 0.0008387061290694251 0.001677412258138879
HNRNPD 0.0008386930286834593 0.0008386930286834517 0.001677386057366911
KCTD21 0.0008381823825654439 0.0008381823825654189 0.0016763647651308628
YIPF5 0.0008377946657338698 0.0008377946657338925 0.0016755893314677624
LOC440926 0.0008374735579422625 0.0008374735579422742 0.0016749471158845368
ATP6V1H 0.0008365529603741385 0.0008365529603741347 0.001673105920748273
GYS1 0.000835837382251546 0.0008358373822515919 0.001671674764503138
FLJ32810 0.0008352025152474262 0.0008352025152474106 0.0016704050304948367
CXXC5 0.0008342022095773367 0.0008342022095773024 0.001668404419154639
KLHL29 0.0008313779981752818 0.0008313779981752808 0.0016627559963505625
TP53TG3B 0.0008313746541782227 0.0008313746541782572 0.00166274930835648
MAS1L 0.0008301177604763987 0.0008301177604764128 0.0016602355209528114
C20orf30 0.0008286177965634775 0.0008286177965635312 0.0016572355931270088
DNAJC28 0.0008274951992160711 0.0008274951992161163 0.0016549903984321873
SERF2 0.0008259583546106782 0.0008259583546106952 0.0016519167092213733
SNORA34 0.0008257767617880736 0.0008257767617881132 0.0016515535235761868
DLGAP4 0.0008254675987025174 0.0008254675987024818 0.001650935197404999
DEGS1 0.0008248723030773635 0.0008248723030773351 0.0016497446061546986
ECSCR 0.0008247002471906333 0.0008247002471905938 0.001649400494381227
CPNE2 0.0008239782418089512 0.0008239782418089368 0.0016479564836178878
COPS3 0.0008224620846392546 0.0008224620846392363 0.0016449241692784908
TLR5 0.0008215926636048095 0.0008215926636048256 0.001643185327209635
ZNF24 0.0008192985166339114 0.0008192985166338878 0.0016385970332677992
HDAC11 0.0008185073696742563 0.0008185073696742312 0.0016370147393484874
EPHB4 0.0008173651119158474 0.0008173651119159 0.0016347302238317474
ESPNP 0.000817114073945248 0.000817114073945245 0.001634228147890493
SMPD4 0.0008156037107612294 0.0008156037107612238 0.0016312074215224532
IER5L 0.0008155824472757424 0.000815582447275617 0.0016311648945513593
C5orf15 0.0008141964507614917 0.0008141964507614953 0.0016283929015229871
C7orf59 0.0008126151023213077 0.0008126151023213681 0.0016252302046426757
LOXL4 0.000811328762697572 0.0008113287626976618 0.0016226575253952338
HIAT1 0.0008100960177729324 0.0008100960177729602 0.0016201920355458925
WDR4 0.0008098060434223835 0.0008098060434223959 0.0016196120868447795
NR2F6 0.0008058335493417952 0.0008058335493418068 0.0016116670986836019
ST6GALNAC1 0.000804343563043039 0.0008043435630430742 0.001608687126086113
LOC282997 0.000803404118733693 0.0008034041187336965 0.0016068082374673894
TRIM61 0.0008029487811330853 0.0008029487811331224 0.0016058975622662078
C22orf24 0.0008008994009775632 0.0008008994009774991 0.0016017988019550625
NOL7 0.0008007749720659741 0.0008007749720659651 0.0016015499441319392
ANXA2 0.0007994748677475043 0.0007994748677474815 0.0015989497354949858
TRIM46 0.0007989858600883137 0.0007989858600883446 0.0015979717201766584
TIPIN 0.0007951528305766096 0.0007951528305766304 0.00159030566115324
HNRNPUL2 0.000793996682466286 0.0007939966824662881 0.001587993364932574
ABLIM1 0.000793457174739198 0.0007934571747392174 0.0015869143494784154
RECQL4 0.0007890127159551667 0.0007890127159551593 0.001578025431910326
GFOD2 0.0007886684012410208 0.0007886684012410204 0.0015773368024820413
STX3 0.000787471555125665 0.000787471555125521 0.0015749431102511859
DZIP1L 0.0007859891844577719 0.0007859891844578023 0.0015719783689155742
PDE6G 0.0007839605132750116 0.0007839605132747764 0.0015679210265497879
MIR1272 0.0007818696858688755 0.0007818696858688801 0.0015637393717377556
DDB2 0.0007805125311236298 0.0007805125311235869 0.0015610250622472167
GMIP 0.0007802173427398672 0.0007802173427398798 0.001560434685479747
LRRC37B 0.0007771516919180377 0.0007771516919180464 0.0015543033838360842
PDIA6 0.0007764159163595877 0.0007764159163595907 0.0015528318327191785
FDPS 0.0007762732540377799 0.0007762732540377676 0.0015525465080755475
DEPDC1B 0.0007759332376329709 0.0007759332376329717 0.0015518664752659428
WDR18 0.0007755329951956018 0.0007755329951955933 0.0015510659903911952
SLC26A6 0.0007752847201783562 0.0007752847201783566 0.0015505694403567128
ACTR3C 0.0007738689806121743 0.0007738689806121884 0.0015477379612243627
GUCY1B2 0.0007735503493669144 0.0007735503493669291 0.0015471006987338434
GPR56 0.0007716688325598295 0.0007716688325598402 0.0015433376651196697
C17orf99 0.0007713611984294438 0.0007713611984294435 0.0015427223968588872
PISD 0.0007709971580833041 0.0007709971580832549 0.001541994316166559
TMBIM4 0.0007699557594766026 0.0007699557594766185 0.0015399115189532213
LPP 0.0007685459122620794 0.0007685459122620366 0.001537091824524116
TUSC2 0.0007679728875385956 0.0007679728875385869 0.0015359457750771825
ZBTB1 0.0007676442359826139 0.0007676442359826591 0.001535288471965273
C6orf48 0.0007672477915436291 0.0007672477915434356 0.0015344955830870646
TP53INP2 0.0007639140568976112 0.0007639140568976228 0.0015278281137952338
ZBTB22 0.0007618657621851244 0.0007618657621851335 0.001523731524370258
LOC729156 0.0007604995805712183 0.0007604995805712042 0.0015209991611424224
AGRN 0.0007578182452732662 0.0007578182452732486 0.0015156364905465148
SNRPB2 0.0007569641556598103 0.0007569641556598271 0.0015139283113196375
FLOT1 0.0007566426285908654 0.0007566426285908849 0.0015132852571817504
ENSA 0.0007559528614627469 0.000755952861462785 0.001511905722925532
MIR191 0.0007518361190772093 0.0007518361190772082 0.0015036722381544176
L3MBTL 0.000751563257310786 0.0007515632573108019 0.001503126514621588
FBXW9 0.000750673234823201 0.0007506732348232278 0.0015013464696464287
JDP2 0.0007504228297630911 0.0007504228297630594 0.0015008456595261505
RAP2B 0.0007501545107628866 0.0007501545107628983 0.0015003090215257849
C17orf73 0.0007496508243878795 0.00074965082438789 0.0014993016487757694
BLCAP 0.0007493311890697311 0.0007493311890696779 0.001498662378139409
ZNF790 0.0007491276290981584 0.0007491276290981704 0.0014982552581963289
FLJ40504 0.0007489104959718425 0.0007489104959716802 0.0014978209919435225
NPAS2 0.0007457573254029978 0.0007457573254029856 0.0014915146508059835
RANBP2 0.000741233159401798 0.0007412331594018023 0.0014824663188036003
DPM3 0.0007409701010827152 0.0007409701010827187 0.0014819402021654339
SEC11C 0.0007388332654658105 0.0007388332654658126 0.0014776665309316232
TANC1 0.000738479306303042 0.0007384793063031058 0.0014769586126061477
NELL2 0.0007384193507433771 0.0007384193507433596 0.0014768387014867366
BCL6B 0.0007359140907560776 0.0007359140907560784 0.0014718281815121561
NDST1 0.0007346869708823148 0.0007346869708823464 0.0014693739417646612
ARAP1 0.0007311843448531552 0.0007311843448531072 0.0014623686897062625
PRKACA 0.0007305803598280674 0.0007305803598280214 0.0014611607196560888
BBS1 0.000730038205988435 0.000730038205988428 0.001460076411976863
DDX17 0.0007281609127586461 0.0007281609127586479 0.0014563218255172939
MGC57346 0.0007268317077075292 0.0007268317077075349 0.0014536634154150641
GPR19 0.0007266432956572078 0.0007266432956572269 0.0014532865913144347
RAP1GAP 0.0007259855460323416 0.0007259855460323395 0.0014519710920646812
ANAPC11 0.0007247970939055408 0.0007247970939055741 0.001449594187811115
PITPNA 0.000723270366191814 0.0007232703661918273 0.0014465407323836412
RUNDC2A 0.0007224193128341318 0.0007224193128341687 0.0014448386256683005
SPC24 0.0007218649601275129 0.0007218649601274912 0.001443729920255004
LOC84931 0.0007209735147690647 0.0007209735147690013 0.0014419470295380659
SNORD58A 0.0007200698995700168 0.00072006989957004 0.0014401397991400569
ZNF622 0.0007184169833037623 0.0007184169833036534 0.0014368339666074158
PAICS 0.0007165177298954872 0.0007165177298955399 0.0014330354597910271
MGRN1 0.000712145999371446 0.0007121459993714493 0.0014242919987428953
MIR627 0.000711265027849077 0.0007112650278490939 0.0014225300556981709
PAK1 0.0007111551999606237 0.0007111551999605802 0.0014223103999212038
OPA3 0.0007104743905479514 0.0007104743905479389 0.0014209487810958902
CSRP1 0.00071042533125139 0.0007104253312513558 0.0014208506625027458
HMBS 0.000710054762735326 0.0007100547627353239 0.0014201095254706498
ZC3H6 0.0007098356761114103 0.0007098356761114228 0.001419671352222833
LEMD2 0.000703541324880718 0.0007035413248807662 0.0014070826497614842
MIR21 0.0007016143102915177 0.000701614310291555 0.0014032286205830726
ANKRD39 0.0006933073664496766 0.0006933073664495441 0.0013866147328992207
PLEKHM1 0.0006918507283715837 0.0006918507283716218 0.0013837014567432055
PTPRU 0.00069167285539376 0.0006916728553937726 0.0013833457107875326
CDC42EP5 0.0006907416750383124 0.0006907416750382884 0.0013814833500766007
PCBP2 0.0006905197279014917 0.0006905197279015631 0.0013810394558030547
ASXL2 0.0006839729727344155 0.0006839729727342858 0.0013679459454687013
C4orf41 0.000682375082987911 0.0006823750829879291 0.00136475016597584
CREM 0.0006804948784482426 0.0006804948784482638 0.0013609897568965064
LARP4 0.0006770386639964334 0.0006770386639964893 0.0013540773279929227
EIF2S2 0.0006756359094726785 0.0006756359094726579 0.0013512718189453365
CASKIN2 0.0006746708920003308 0.0006746708920003358 0.0013493417840006667
CAMKK2 0.0006741428296585361 0.0006741428296585644 0.0013482856593171003
AURKB 0.0006738117600283047 0.000673811760028343 0.0013476235200566475
RCAN3 0.0006723438859415167 0.0006723438859415165 0.0013446877718830332
C5orf13 0.0006718810448320598 0.000671881044832057 0.001343762089664117
OSBPL2 0.0006698575780705309 0.000669857578070535 0.0013397151561410658
RALBP1 0.0006668179000380367 0.0006668179000380353 0.001333635800076072
DSPP 0.0006666099095001053 0.0006666099095001014 0.0013332198190002067
MIR492 0.0006659370361308861 0.0006659370361309097 0.0013318740722617958
PANK2 0.0006658186724166442 0.0006658186724166568 0.001331637344833301
HIC1 0.0006657415216642662 0.0006657415216642316 0.001331483043328498
ZNF700 0.0006631585295184541 0.0006631585295184205 0.0013263170590368746
FHL3 0.0006607619480118879 0.0006607619480119066 0.0013215238960237945
IBTK 0.0006593530062126679 0.000659353006212708 0.0013187060124253758
LOC731779 0.000658832310652668 0.000658832310652633 0.0013176646213053011
MIR1185-1 0.0006563386880581387 0.0006563386880580873 0.001312677376116226
FOXJ2 0.0006551860811666767 0.0006551860811666553 0.0013103721623333319
TWF2 0.0006501726767472577 0.0006501726767472525 0.0013003453534945102
CDCA5 0.0006461691489866826 0.0006461691489867123 0.001292338297973395
CDK1 0.0006458472750403547 0.0006458472750404014 0.001291694550080756
MMP7 0.0006435576092983561 0.0006435576092983454 0.0012871152185967016
ADO 0.0006399736655368938 0.0006399736655368878 0.0012799473310737817
MPZL1 0.0006327942727517956 0.0006327942727518322 0.0012655885455036277
LOC441869 0.0006277953673876807 0.0006277953673876908 0.0012555907347753716
DDX39 0.0006221541053694033 0.0006221541053694318 0.0012443082107388352
DNTTIP2 0.0006189870165176546 0.0006189870165176398 0.0012379740330352943
BHLHE40 0.0006145689144235888 0.0006145689144235963 0.0012291378288471853
CCT4 0.0006108922996880971 0.0006108922996881034 0.0012217845993762004
SESN1 0.0006070061062227805 0.0006070061062227849 0.0012140122124455655
GDF1 0.000595825984361645 0.0005958259843616188 0.0011916519687232637
SRP54 0.0005950628020487012 0.0005950628020486991 0.0011901256040974004
ZNF354B 0.0005924757871526377 0.0005924757871526179 0.0011849515743052558
OSBPL11 0.0005880231468990898 0.0005880231468990753 0.001176046293798165
BIN1 0.000585990698402368 0.0005859906984023394 0.0011719813968047075
AP2M1 0.0005775313409009667 0.0005775313409009653 0.0011550626818019319
RYBP 0.0005758852242203328 0.0005758852242203516 0.0011517704484406844
ZNF639 0.0005644615287777758 0.0005644615287777912 0.001128923057555567
FAM53B 0.0005569458568636194 0.0005569458568636014 0.0011138917137272209
CLDND1 0.0005532499100545115 0.00055324991005452 0.0011064998201090314
ALS2CR11 0.0005503527020974012 0.0005503527020975223 0.0011007054041949236
NDUFS2 0.0005336465602106249 0.0005336465602106175 0.0010672931204212424
RAB1B 0.0005219484792684914 0.0005219484792685343 0.0010438969585370257
CEBPG 0.000512384241507129 0.000512384241507101 0.00102476848301423
PDSS1 0.00048367477943906675 0.00048367477943907407 0.0009673495588781408
HRAS 0.0004798809618390356 0.00047988096183901476 0.0009597619236780503
VARS2 0.00047015396815042377 0.0004701539681503977 0.0009403079363008214
MRPL52 0.00044030951251934175 0.0004403095125192516 0.0008806190250385934
