 G2 G3 sum
KCNQ1 0.011250902999618272 0.011250902999618308 0.022501805999236582
OR8B4 0.008460319995426678 0.00846031999542675 0.01692063999085343
MIR10B 0.008412667964330578 0.00841266796433057 0.01682533592866115
SLC6A6 0.007927335699242996 0.007927335699242956 0.015854671398485953
C4orf31 0.007658864459549578 0.007658864459549529 0.015317728919099107
C17orf69 0.007505040504395257 0.007505040504395299 0.015010081008790557
NAPSB 0.00731899185323973 0.007318991853239641 0.014637983706479372
PYGO1 0.006936663080777181 0.006936663080777219 0.0138733261615544
RRBP1 0.006822560015356029 0.0068225600153561244 0.013645120030712153
HOXD4 0.006814724875530645 0.0068147248755306145 0.01362944975106126
NUMA1 0.006726192817074349 0.00672619281707435 0.0134523856341487
ZFHX3 0.006631177302182455 0.006631177302182484 0.013262354604364939
TRPM1 0.006585401843275118 0.00658540184327517 0.013170803686550287
C1orf77 0.0065211979446018545 0.006521197944601889 0.013042395889203744
CDKL2 0.006376809106877548 0.006376809106877507 0.012753618213755055
INADL 0.0062539226991862925 0.006253922699186548 0.012507845398372842
PRR13 0.006223160642037243 0.0062231606420371606 0.012446321284074403
RPL18AP3 0.006076166665859946 0.0060761666658599705 0.012152333331719917
NDN 0.00607169943169556 0.006071699431695459 0.012143398863391018
NEDD1 0.006018523871615713 0.006018523871615909 0.012037047743231622
CRYGD 0.0060124554196313434 0.006012455419631399 0.012024910839262742
BMP4 0.0059390176092399246 0.005939017609239935 0.01187803521847986
CES4 0.0057941447283090825 0.005794144728309113 0.011588289456618196
PAPLN 0.005747417957427674 0.005747417957427633 0.011494835914855308
TRAF2 0.0056115445573503035 0.005611544557350395 0.011223089114700699
ENO1 0.005576139129532486 0.0055761391295324975 0.011152278259064983
SERPINE2 0.005522223877913789 0.00552222387791383 0.011044447755827618
DHX57 0.005440597523016661 0.005440597523016601 0.010881195046033262
PITX3 0.005398544163708958 0.005398544163709045 0.010797088327418002
ITM2C 0.005236753319726655 0.005236753319726582 0.010473506639453237
MKNK2 0.005235747069805524 0.005235747069805527 0.01047149413961105
ATPGD1 0.005203899881016541 0.005203899881016541 0.010407799762033081
ICK 0.005177341682730251 0.005177341682730189 0.01035468336546044
OVOL1 0.005166038051281444 0.005166038051281427 0.01033207610256287
E2F6 0.004965597092519577 0.004965597092519497 0.009931194185039073
SLC2A8 0.004865644626624002 0.004865644626624107 0.00973128925324811
FAM84B 0.0047462156683762404 0.004746215668376151 0.009492431336752392
MEI1 0.004721615850158281 0.004721615850158343 0.009443231700316624
YWHAZ 0.004720590070611192 0.004720590070611189 0.009441180141222381
RAB22A 0.004691685576062597 0.004691685576062599 0.009383371152125196
LDHB 0.004666382998196264 0.004666382998196305 0.009332765996392569
ST8SIA3 0.004651393967021916 0.004651393967021985 0.009302787934043901
HOXD3 0.004506359791226675 0.004506359791226504 0.009012719582453178
ATP5O 0.004484942566599375 0.004484942566599303 0.008969885133198678
COLEC11 0.004441457250038639 0.004441457250038605 0.008882914500077244
TMEM39B 0.004426618315560797 0.0044266183155608615 0.008853236631121659
SLC44A5 0.0043086265441711485 0.004308626544171144 0.008617253088342294
LMO3 0.00417944369295224 0.004179443692952299 0.00835888738590454
PRR14 0.00416639134016184 0.0041663913401616265 0.008332782680323466
MELK 0.004126242109688762 0.004126242109689036 0.008252484219377798
PDE2A 0.004106474630141953 0.0041064746301419245 0.008212949260283878
FGL1 0.004086164233111134 0.004086164233111087 0.00817232846622222
TMEM188 0.004076140660854589 0.004076140660854365 0.008152281321708954
RANGAP1 0.004037574418112243 0.004037574418112182 0.008075148836224426
DBNDD2 0.003925528243191924 0.003925528243192035 0.00785105648638396
IVD 0.003921278787810947 0.003921278787810964 0.007842557575621911
ZNF131 0.003916020343739399 0.003916020343739446 0.007832040687478845
ITPKB 0.0039020953106995034 0.0039020953106994405 0.0078041906213989435
SEPT8 0.0039009270351077195 0.003900927035107738 0.007801854070215457
CDC42SE2 0.0038973952120460106 0.0038973952120460826 0.007794790424092093
SFRS3 0.0038784804692589443 0.0038784804692589664 0.007756960938517911
RBM47 0.003848924410588095 0.0038489244105880164 0.007697848821176112
GALNTL4 0.003832881685158939 0.00383288168515892 0.007665763370317859
S100A2 0.003816379309559064 0.003816379309559034 0.007632758619118099
NSUN4 0.003797023861024742 0.003797023861024742 0.007594047722049484
PRKAB2 0.0037410097545489836 0.003741009754549004 0.007482019509097987
C9orf27 0.0036757428815991644 0.003675742881599115 0.007351485763198279
MMP12 0.0036222674246113957 0.0036222674246113563 0.0072445348492227515
VDAC1 0.0036025034314925847 0.003602503431492453 0.0072050068629850375
ISL2 0.0036021082801286977 0.003602108280128707 0.007204216560257404
PAX6 0.003582578781712139 0.003582578781712064 0.007165157563424203
FLYWCH2 0.003564521239076203 0.003564521239076254 0.007129042478152457
DMRT3 0.003532500725355875 0.0035325007253558757 0.0070650014507117505
RPL7 0.003526612353394163 0.003526612353394184 0.007053224706788347
LOC84931 0.003522355174412696 0.0035223551744126592 0.007044710348825355
C15orf26 0.003447304976383335 0.003447304976383426 0.006894609952766761
DSE 0.0034402036237980932 0.003440203623798105 0.006880407247596199
BLVRA 0.003408066563470546 0.0034080665634706195 0.006816133126941165
SPAG6 0.0034054313482230524 0.00340543134822312 0.006810862696446172
GGN 0.003393506972960078 0.003393506972960018 0.0067870139459200955
HNRNPF 0.003356740491788327 0.003356740491788357 0.0067134809835766845
NCK2 0.0033565264850271997 0.0033565264850271602 0.00671305297005436
HMGCR 0.0033379948174191076 0.0033379948174190434 0.006675989634838151
TMEM51 0.003337862281508094 0.0033378622815080972 0.006675724563016192
ANKRD13B 0.0032662391854176133 0.0032662391854177456 0.0065324783708353585
MGC13005 0.0032611663584639653 0.003261166358464073 0.006522332716928038
CXCL16 0.0032477947183488323 0.003247794718348823 0.006495589436697655
HIST1H2BH 0.0032201119374368563 0.0032201119374369335 0.00644022387487379
DMRTA2 0.0032140520249039997 0.003214052024904097 0.0064281040498080965
ACOX3 0.003207896312920836 0.003207896312920933 0.006415792625841769
ABCA4 0.0031901498796243107 0.003190149879624274 0.006380299759248585
CMTM6 0.0031126598149288287 0.0031126598149288686 0.006225319629857697
VPS13B 0.00307930472771967 0.0030793047277196846 0.006158609455439354
BOLL 0.0030588131086676643 0.0030588131086676787 0.0061176262173353434
RABIF 0.003048167206185064 0.0030481672061850413 0.006096334412370105
SGCE 0.003042231576797763 0.003042231576797766 0.006084463153595529
FAM120B 0.0030012220876642582 0.0030012220876643432 0.0060024441753286015
OR8D1 0.0029933436526048845 0.0029933436526049365 0.005986687305209821
HMGB1 0.0029448679844471604 0.00294486798444709 0.0058897359688942505
CLCC1 0.0029120718899527604 0.0029120718899528276 0.005824143779905588
KLHDC2 0.002880602139957115 0.0028806021399572076 0.005761204279914322
LOC100128675 0.0028754522970083907 0.0028754522970084163 0.005750904594016807
CDCA4 0.0028608319908663008 0.002860831990866336 0.005721663981732636
ZPBP 0.0028421229501520095 0.002842122950151973 0.0056842459003039825
CDX2 0.002799236669219731 0.0027992366692196733 0.005598473338439405
HACE1 0.002799057407610263 0.0027990574076101836 0.005598114815220446
PDZD8 0.0027838442439164428 0.002783844243916491 0.005567688487832933
ZCCHC3 0.0027808432809450488 0.0027808432809449664 0.005561686561890015
FAM186A 0.002770724840725489 0.0027707248407255894 0.005541449681451078
AGFG1 0.0027659837308665735 0.00276598373086665 0.005531967461733223
SGPL1 0.0027433971452293484 0.0027433971452293015 0.00548679429045865
GPD1L 0.002639201454170419 0.002639201454170387 0.005278402908340806
NCOA6 0.0026313902844412296 0.0026313902844410713 0.0052627805688823005
UBTF 0.002627171869332068 0.0026271718693319773 0.005254343738664045
GPRIN2 0.0026211433817270634 0.0026211433817271298 0.005242286763454193
STAT3 0.0026205041003840844 0.002620504100384151 0.0052410082007682355
XRCC5 0.0026177124499457334 0.00261771244994576 0.005235424899891494
RPN1 0.002611993702211793 0.002611993702211902 0.005223987404423695
RPRM 0.002611943146313051 0.0026119431463130557 0.005223886292626106
LOC340017 0.002609769707405886 0.002609769707405791 0.005219539414811677
HBEGF 0.0026087887744176827 0.002608788774417741 0.005217577548835424
DMXL1 0.002594315360588096 0.002594315360588065 0.005188630721176161
LOC648691 0.002591182229719423 0.0025911822297193994 0.005182364459438822
LRP5L 0.002588502664544346 0.002588502664544424 0.00517700532908877
MRPS23 0.0025874335036769613 0.0025874335036769457 0.005174867007353907
ETV2 0.002573816316459193 0.0025738163164591476 0.00514763263291834
HOXA10 0.0025650499652051907 0.0025650499652051222 0.005130099930410313
SGK196 0.0025595611850367022 0.002559561185036712 0.005119122370073415
MAPK9 0.0025460676065074887 0.0025460676065074744 0.005092135213014963
ZFAND2A 0.002539505266020664 0.0025395052660207107 0.005079010532041375
HAPLN2 0.0025388129104639977 0.0025388129104640562 0.0050776258209280535
UBE2H 0.0025191539460639283 0.00251915394606403 0.005038307892127959
GRHL2 0.0025150333425161585 0.0025150333425161633 0.005030066685032322
ZFP62 0.00250968405723851 0.002509684057238561 0.005019368114477071
DLEU7 0.002489328491900019 0.0024893284919000084 0.004978656983800027
SMCR7 0.0024850973425171547 0.0024850973425171764 0.004970194685034331
HEG1 0.002479732306844362 0.002479732306844346 0.004959464613688708
OSBPL8 0.002475858177876495 0.00247585817787654 0.004951716355753035
MTIF3 0.0024724640712426187 0.0024724640712425463 0.0049449281424851655
TRMT1 0.0024718959945206143 0.0024718959945206984 0.004943791989041313
DUSP6 0.0024713684373053922 0.0024713684373053914 0.004942736874610784
VAX2 0.0024498433178325356 0.002449843317832529 0.004899686635665064
OSR2 0.0024467113230165183 0.002446711323016427 0.004893422646032946
MUC13 0.002446387689526526 0.0024463876895264645 0.004892775379052991
ZNF248 0.0024420845134122482 0.0024420845134124096 0.004884169026824658
FAM195B 0.0024369403947280947 0.0024369403947279798 0.004873880789456074
TIGD1 0.0024355441958146345 0.002435544195814625 0.004871088391629259
C17orf85 0.0024203756899725285 0.002420375689972544 0.004840751379945073
SIX3 0.002417865834233943 0.0024178658342340056 0.004835731668467949
RIMS3 0.0023988145725981993 0.0023988145725981833 0.004797629145196382
PACSIN3 0.0023949786628686422 0.00239497866286868 0.004789957325737322
FDX1 0.0023948283636246186 0.002394828363624631 0.00478965672724925
LIN52 0.002392920247920237 0.0023929202479202904 0.004785840495840528
ACAT2 0.0023868581913246392 0.002386858191324647 0.004773716382649286
PRR20E 0.0023858416605761577 0.002385841660576058 0.004771683321152216
RTBDN 0.0023813934970570686 0.0023813934970571397 0.004762786994114208
CYB5R2 0.0023773858775539176 0.0023773858775539987 0.004754771755107917
MKL1 0.0023715223471486007 0.0023715223471485153 0.004743044694297116
SERINC5 0.0023551316903157936 0.0023551316903158404 0.004710263380631634
DSCR6 0.002339133737429346 0.00233913373742938 0.004678267474858726
FGFR1OP 0.0023317111833936416 0.0023317111833935987 0.00466342236678724
BCDIN3D 0.002329364425131328 0.0023293644251313472 0.004658728850262675
GSTM5 0.0023211052883390358 0.0023211052883390115 0.004642210576678047
GPNMB 0.00229766607842663 0.0022976660784265984 0.004595332156853229
YTHDF2 0.002296565842610774 0.0022965658426107164 0.004593131685221491
ABHD12B 0.0022963455639998572 0.0022963455639998984 0.004592691127999756
C16orf81 0.0022859271482431115 0.002285927148243115 0.004571854296486226
PAK6 0.002284505152858011 0.002284505152857975 0.004569010305715986
ZNF167 0.0022773051460409405 0.0022773051460408407 0.004554610292081781
SCG5 0.0022733945184550625 0.0022733945184550976 0.00454678903691016
POLR3C 0.002271420896667692 0.00227142089666774 0.004542841793335433
P4HA1 0.0022712624348317505 0.002271262434831784 0.004542524869663535
ERRFI1 0.0022712267576041347 0.0022712267576042214 0.004542453515208356
GPR116 0.0022668635325149332 0.0022668635325149055 0.004533727065029839
PKMYT1 0.0022589435299340266 0.0022589435299339784 0.004517887059868005
DEPDC5 0.0022555706980193044 0.002255570698019352 0.0045111413960386565
USP53 0.0022463022712231554 0.0022463022712231684 0.004492604542446324
ZNF263 0.002241324009921533 0.0022413240099215964 0.004482648019843129
CNIH4 0.002236932646645031 0.002236932646644989 0.0044738652932900195
SNHG9 0.002232472757713702 0.0022324727577135665 0.004464945515427268
RCCD1 0.0022282692166684845 0.0022282692166684364 0.004456538433336921
ZNF295 0.0022244662440801593 0.0022244662440802036 0.004448932488160363
LIMS2 0.0022209414104243878 0.002220941410424335 0.004441882820848723
PRR15 0.0022095871422392675 0.002209587142239449 0.004419174284478716
GALT 0.0022063539542427437 0.002206353954242715 0.004412707908485459
CYP1A2 0.0021980031984729876 0.0021980031984731147 0.004396006396946102
RFWD2 0.002193951718766814 0.00219395171876689 0.004387903437533704
CTXN3 0.002182528289306917 0.0021825282893069885 0.004365056578613906
ADAR 0.0021795609502791246 0.002179560950279109 0.0043591219005582335
ADORA1 0.0021779486173793385 0.002177948617379353 0.004355897234758691
MGAT4A 0.002152969333405595 0.0021529693334055673 0.004305938666811162
RGS22 0.0021259716703245384 0.002125971670324515 0.0042519433406490535
DDIT3 0.002124901226944273 0.0021249012269442345 0.004249802453888507
ELMO1 0.0021166071644298035 0.002116607164429852 0.0042332143288596556
PDXP 0.002098841490370972 0.002098841490370978 0.00419768298074195
RUNX3 0.002097732374881444 0.002097732374881432 0.004195464749762876
DMP1 0.0020975254087692917 0.0020975254087692726 0.004195050817538564
C1orf158 0.002094687326244626 0.002094687326244629 0.0041893746524892545
MAN1C1 0.002088569201830388 0.002088569201830393 0.0041771384036607805
MEG8 0.0020813323103022916 0.00208133231030226 0.004162664620604552
SLC25A46 0.0020788321151608458 0.0020788321151607677 0.0041576642303216135
MYH10 0.0020778105293178797 0.0020778105293179083 0.004155621058635788
GCH1 0.0020696720806593206 0.0020696720806593315 0.0041393441613186525
GNRH2 0.002068779363900716 0.0020687793639006646 0.004137558727801381
ST6GALNAC1 0.002068130243468605 0.0020681302434685965 0.004136260486937202
MAGEL2 0.0020628188497556804 0.002062818849755759 0.00412563769951144
ZNF589 0.002060090581356608 0.002060090581356602 0.00412018116271321
C16orf57 0.0020514427832294844 0.002051442783229452 0.004102885566458936
MIR611 0.002034933165200478 0.002034933165200531 0.004069866330401009
C12orf61 0.0020327062618553846 0.002032706261855389 0.0040654125237107736
C17orf90 0.0020296238988611777 0.002029623898861098 0.004059247797722276
KIAA1712 0.0020295522019471387 0.0020295522019470663 0.004059104403894205
ANG 0.0020268016986044086 0.0020268016986044043 0.004053603397208813
RPL41 0.0020240297752972146 0.002024029775297264 0.0040480595505944785
CTNNBIP1 0.0020233922034038087 0.002023392203403802 0.004046784406807611
SNORD30 0.0020226966735927593 0.0020226966735927745 0.004045393347185533
FAM103A1 0.0020215939276795594 0.0020215939276796518 0.004043187855359211
C21orf56 0.0020197844484652738 0.00201978444846529 0.004039568896930563
TMEM173 0.002019329171982598 0.002019329171982608 0.004038658343965206
PIGB 0.0020000313340701736 0.0020000313340700934 0.0040000626681402675
DUSP10 0.001999345149866583 0.001999345149866826 0.003998690299733409
LOXL3 0.0019982818657638428 0.0019982818657639546 0.003996563731527797
PITPNA 0.001996527859769297 0.0019965278597693205 0.003993055719538618
C6orf145 0.0019953451116156147 0.0019953451116156372 0.003990690223231252
PLCG1 0.0019920501797604543 0.0019920501797605437 0.003984100359520998
MIR365-2 0.00199123315101078 0.001991233151010752 0.0039824663020215315
RPTOR 0.0019793786964674097 0.001979378696467513 0.003958757392934923
TBX15 0.001974241393481875 0.001974241393481805 0.00394848278696368
OR9Q1 0.0019736285198768883 0.0019736285198769495 0.003947257039753838
AGAP11 0.001971769037039695 0.001971769037039647 0.0039435380740793415
MEG3 0.00197174783918738 0.0019717478391873882 0.003943495678374768
EXOC3L2 0.001967857676434242 0.001967857676434258 0.003935715352868499
PRPF31 0.001961465826449981 0.0019614658264499817 0.0039229316528999626
ZCCHC17 0.0019533358961369655 0.0019533358961370435 0.003906671792274009
MAPRE1 0.0019528900808608936 0.0019528900808609075 0.003905780161721801
YAP1 0.0019520404392791748 0.0019520404392791267 0.0039040808785583015
STK11IP 0.0019502721131256662 0.0019502721131257135 0.0039005442262513798
SNORD94 0.0019339323730808108 0.0019339323730808127 0.0038678647461616233
LRRN1 0.0019317109493071608 0.0019317109493071666 0.0038634218986143276
HIST2H2BA 0.0019279149698168744 0.001927914969816821 0.0038558299396336954
TCIRG1 0.0019251885719163391 0.0019251885719162192 0.003850377143832558
STAG3 0.0019234531419180638 0.0019234531419181466 0.0038469062838362104
CRTAC1 0.0019230162334331429 0.001923016233433186 0.0038460324668663287
FREM1 0.00191846136366627 0.0019184613636661608 0.003836922727332431
DEGS1 0.0019156956951882642 0.001915695695188233 0.003831391390376497
ARAP1 0.0019144219872679047 0.0019144219872680116 0.0038288439745359166
SPRY4 0.001914420336335268 0.0019144203363353155 0.0038288406726705833
TBXAS1 0.0019105465842561553 0.0019105465842561135 0.0038210931685122686
C20orf30 0.0019095093559050598 0.0019095093559051504 0.00381901871181021
VASH2 0.0019055137842982051 0.001905513784298331 0.003811027568596536
MTMR14 0.001900539067239694 0.0019005390672396528 0.0038010781344793468
UGT2B15 0.0018975499136309772 0.001897549913631024 0.0037950998272620012
C13orf33 0.0018851699069223828 0.001885169906922398 0.003770339813844781
ZNF227 0.001878648098883198 0.001878648098883142 0.00375729619776634
CCDC144NL 0.0018782921189305045 0.0018782921189304338 0.0037565842378609383
NUS1 0.0018683075109587298 0.001868307510958791 0.0037366150219175207
IRF1 0.0018681525176900107 0.00186815251769 0.0037363050353800106
RALGAPB 0.0018666628774156341 0.0018666628774156562 0.0037333257548312904
NRCAM 0.001866039059290895 0.0018660390592908076 0.0037320781185817024
MEF2C 0.0018642731914230847 0.0018642731914230576 0.003728546382846142
SFRS18 0.001858059562431134 0.0018580595624311455 0.0037161191248622797
BTAF1 0.0018513173933144438 0.0018513173933144902 0.003702634786628934
GPR19 0.0018446930397978422 0.0018446930397978262 0.0036893860795956684
LIME1 0.0018439081895600348 0.0018439081895600437 0.0036878163791200782
RHOT2 0.0018369171155161897 0.0018369171155162133 0.0036738342310324032
UBASH3B 0.0018292814665256216 0.0018292814665255123 0.003658562933051134
ZNF862 0.001828908301052293 0.0018289083010523028 0.0036578166021045957
SNX16 0.0018288566979077626 0.0018288566979077503 0.003657713395815513
FLJ40504 0.0018263164213781103 0.0018263164213780363 0.0036526328427561464
BCL3 0.001825046788123353 0.0018250467881234145 0.0036500935762467674
CCDC64 0.0018248364090183429 0.001824836409018408 0.003649672818036751
PRKCD 0.0018221888551617237 0.001822188855161715 0.003644377710323439
ZMIZ1 0.001821285314576967 0.0018212853145770538 0.003642570629154021
CABP4 0.0018155192727156368 0.0018155192727157183 0.003631038545431355
MTRF1L 0.0018154152278921168 0.001815415227892114 0.0036308304557842305
SLC38A2 0.0018138810146136157 0.0018138810146135903 0.0036277620292272062
IARS 0.001807178708268315 0.0018071787082682659 0.0036143574165365807
TP53TG3B 0.0018034867901849927 0.0018034867901851094 0.003606973580370102
TMEM19 0.0017956502413549445 0.0017956502413551255 0.0035913004827100702
FCGR3A 0.0017904769277735677 0.0017904769277735486 0.0035809538555471162
WRNIP1 0.0017833464152320392 0.001783346415232092 0.0035666928304641313
SNORA1 0.0017816674162267165 0.0017816674162266805 0.003563334832453397
BTG2 0.0017712847435968405 0.001771284743596831 0.0035425694871936714
ORC2L 0.0017553400920170884 0.0017553400920171333 0.0035106801840342214
C12orf51 0.0017535953049938942 0.0017535953049938931 0.003507190609987787
PRL 0.0017473798169325115 0.0017473798169324775 0.003494759633864989
NQO2 0.0017431874518247076 0.001743187451824641 0.0034863749036493485
PPP2R5A 0.0017404077478579579 0.0017404077478580624 0.0034808154957160203
CHMP4C 0.0017357509831068744 0.001735750983106813 0.0034715019662136873
CCDC43 0.0017356335758062515 0.0017356335758062541 0.0034712671516125056
VAMP4 0.001734264207781598 0.0017342642077816273 0.0034685284155632256
RG9MTD2 0.001732063508745938 0.0017320635087459354 0.0034641270174918734
ESCO1 0.0017291661177796832 0.0017291661177795952 0.0034583322355592784
IKZF2 0.001726069011527151 0.0017260690115271104 0.003452138023054261
ZNF239 0.0017256672538229739 0.0017256672538229077 0.0034513345076458814
YIF1A 0.001723051082224529 0.0017230510822245093 0.003446102164449038
C4orf47 0.001722440463955859 0.0017224404639558863 0.0034448809279117453
ADIPOR1 0.0017202436504586461 0.001720243650458583 0.0034404873009172294
LOC401431 0.001719052740570453 0.0017190527405704329 0.003438105481140886
UAP1 0.0017184288455176645 0.0017184288455176985 0.0034368576910353632
SFRS16 0.0017169592786206284 0.0017169592786206254 0.003433918557241254
MIR641 0.0017162366845102444 0.0017162366845102257 0.00343247336902047
CRHR2 0.0017120725020249561 0.0017120725020250405 0.0034241450040499964
LTBP1 0.0017115144655432657 0.0017115144655432783 0.003423028931086544
C20orf29 0.0017100257844733149 0.001710025784473343 0.003420051568946658
LOC441869 0.0017095247526261639 0.00170952475262614 0.003419049505252304
EIF2S2 0.0017081468467273937 0.00170814684672744 0.0034162936934548334
PIK3C2B 0.0017079340422248874 0.001707934042224794 0.0034158680844496815
WDR4 0.0016985866197408912 0.0016985866197408602 0.003397173239481751
POLR2D 0.0016902886549086996 0.001690288654908704 0.0033805773098174036
ZKSCAN1 0.001685997133135007 0.0016859971331350868 0.0033719942662700938
CCL28 0.001681136181383738 0.0016811361813837474 0.0033622723627674857
RNF34 0.001680639389147426 0.0016806393891473429 0.0033612787782947686
CORO1C 0.0016793367419685914 0.00167933674196867 0.0033586734839372613
CHI3L2 0.0016753800463115115 0.001675380046311626 0.0033507600926231374
MEOX2 0.0016743768031341165 0.0016743768031340662 0.0033487536062681827
STARD10 0.001673899114224606 0.0016738991142246126 0.0033477982284492187
ZNF24 0.0016738031539886577 0.001673803153988703 0.003347606307977361
PLEKHB2 0.0016697965579158462 0.001669796557916016 0.0033395931158318624
LYPD3 0.001668083836718118 0.001668083836718203 0.003336167673436321
PIK3R3 0.0016674903200876213 0.0016674903200876556 0.003334980640175277
RNF215 0.0016666128346740847 0.0016666128346740812 0.003333225669348166
TCEA1 0.0016644410178675256 0.0016644410178674185 0.003328882035734944
KLHL33 0.0016630010387398589 0.0016630010387398788 0.0033260020774797377
ARFGAP1 0.0016534674840464956 0.0016534674840465613 0.003306934968093057
C10orf28 0.001652882319403424 0.0016528823194034102 0.003305764638806834
ZNF23 0.001652370613603176 0.0016523706136031574 0.0033047412272063335
LGALS9 0.0016499905604133226 0.0016499905604134355 0.003299981120826758
ZNF367 0.001649984953674796 0.0016499849536748376 0.0032999699073496336
MUM1 0.0016463551618645274 0.001646355161864506 0.003292710323729033
NPAS2 0.001643863415892785 0.001643863415892759 0.003287726831785544
ZNF302 0.0016423977359875733 0.0016423977359876034 0.003284795471975177
PGCP 0.0016415337658130357 0.0016415337658131266 0.003283067531626162
SFXN2 0.0016405904454379586 0.0016405904454379731 0.003281180890875932
SLC12A7 0.0016401241750229841 0.0016401241750229976 0.0032802483500459817
AHNAK 0.0016394483066964679 0.0016394483066964772 0.003278896613392945
RND1 0.0016305019186799198 0.0016305019186798938 0.0032610038373598136
SNORA38 0.001626431166384838 0.0016264311663848601 0.003252862332769698
TBCD 0.0016256341673512118 0.0016256341673512368 0.0032512683347024488
ZDHHC5 0.0016217630579387677 0.00162176305793881 0.0032435261158775775
HMGXB4 0.0016213164898888455 0.0016213164898887622 0.0032426329797776076
PTBP1 0.0016199674106598997 0.0016199674106598914 0.003239934821319791
RPL27 0.0016194514025983798 0.0016194514025984076 0.0032389028051967874
SAMM50 0.0016180920971519068 0.0016180920971518493 0.003236184194303756
LAG3 0.0016165347008183055 0.0016165347008181938 0.003233069401636499
HNRNPD 0.0016158942634239449 0.0016158942634239414 0.0032317885268478863
CSNK1G2 0.001615789712267056 0.0016157897122670746 0.0032315794245341306
VASH1 0.0016153857169051763 0.0016153857169052405 0.0032307714338104167
MIR376B 0.001612312426607963 0.0016123124266079908 0.0032246248532159538
ZNF28 0.0016119327983455164 0.0016119327983454372 0.003223865596690954
HCG18 0.0016114690717277448 0.001611469071727742 0.003222938143455487
TMEM214 0.001611347030905104 0.0016113470309051601 0.0032226940618102643
SPG7 0.0016105923616029122 0.001610592361602818 0.0032211847232057303
DET1 0.0016054534149282829 0.001605453414928168 0.003210906829856451
FBXL20 0.0016037491053481259 0.001603749105348017 0.003207498210696143
EVX1 0.0016032922216573278 0.0016032922216573382 0.003206584443314666
RTN4 0.0016013871475616236 0.0016013871475616397 0.0032027742951232633
SPAG1 0.0015997658169328954 0.0015997658169328963 0.0031995316338657917
CDCA5 0.00159820454097283 0.0015982045409728193 0.0031964090819456494
IRF2 0.0015967162061892367 0.0015967162061892956 0.0031934324123785323
RBAK 0.00159259642260699 0.0015925964226069338 0.003185192845213924
VARS2 0.0015918293842313107 0.001591829384231357 0.0031836587684626674
ADO 0.0015886245912045828 0.0015886245912045825 0.003177249182409165
SPOCD1 0.0015869898161261615 0.001586989816126155 0.0031739796322523164
CCT4 0.0015854393427500908 0.0015854393427500886 0.0031708786855001794
GAS2L1 0.001584796314360256 0.0015847963143603531 0.003169592628720609
NUCB2 0.0015827116543902832 0.0015827116543904065 0.00316542330878069
HOXC4 0.0015824305566534888 0.00158243055665346 0.0031648611133069486
DHX58 0.0015816603756287698 0.0015816603756286525 0.0031633207512574224
LPP 0.0015814575097569405 0.0015814575097569054 0.003162915019513846
ATG16L1 0.001574484842696585 0.0015744848426965962 0.003148969685393181
NAPEPLD 0.0015733591049504642 0.0015733591049504239 0.003146718209900888
HCG9 0.0015726281895532142 0.0015726281895531678 0.003145256379106382
PSPH 0.0015712837840783176 0.001571283784078277 0.0031425675681565944
ATXN1 0.0015710706904164423 0.0015710706904164546 0.0031421413808328967
ALPL 0.0015684781458112744 0.0015684781458112531 0.0031369562916225275
SMPD3 0.0015678827398371842 0.0015678827398372748 0.003135765479674459
MTUS1 0.001561770892936258 0.0015617708929362777 0.003123541785872536
DAXX 0.001559402469897913 0.0015594024698979674 0.00311880493979588
GRPEL1 0.001556948058928473 0.001556948058928289 0.0031138961178567622
MYO1B 0.00155189350882715 0.0015518935088270993 0.0031037870176542494
ZNF622 0.001548989441763193 0.001548989441763253 0.003097978883526446
STK40 0.001546984233994414 0.0015469842339943345 0.0030939684679887483
LY6G5C 0.0015426343469586933 0.0015426343469588208 0.003085268693917514
KCNQ1OT1 0.0015422456131534653 0.001542245613153406 0.003084491226306871
SHARPIN 0.0015419958261808698 0.0015419958261809425 0.0030839916523618125
C17orf73 0.001540899493352004 0.00154089949335197 0.003081798986703974
LARP4 0.0015399159080685845 0.0015399159080686144 0.003079831816137199
ZNF438 0.001537692272397103 0.001537692272397123 0.003075384544794226
FAM114A1 0.0015368604015861445 0.0015368604015862611 0.0030737208031724056
ZC3H3 0.0015367465925841342 0.001536746592584088 0.003073493185168222
AKNA 0.00153586545117936 0.0015358654511793443 0.003071730902358704
AKTIP 0.0015358255949272262 0.0015358255949272544 0.0030716511898544806
TECPR1 0.001535624338082943 0.0015356243380830255 0.003071248676165968
ZBTB22 0.0015355797600078258 0.0015355797600078293 0.003071159520015655
XPO1 0.0015334288694968292 0.0015334288694967835 0.003066857738993613
NEURL3 0.0015332919186643993 0.0015332919186644366 0.003066583837328836
C8orf38 0.0015327960076398754 0.0015327960076398739 0.0030655920152797495
C7orf65 0.0015303291807004453 0.0015303291807004474 0.0030606583614008927
MALL 0.0015297437334518243 0.001529743733451833 0.0030594874669036573
ACBD5 0.0015293971605403606 0.0015293971605403868 0.003058794321080747
TBX4 0.0015275935412748108 0.0015275935412749166 0.0030551870825497275
LOC100128640 0.0015270440213912555 0.0015270440213912373 0.0030540880427824928
RILP 0.0015263874816989493 0.0015263874816989224 0.0030527749633978717
HDAC11 0.0015221469633607762 0.001522146963360729 0.003044293926721505
RAP1GAP 0.0015207273551218255 0.0015207273551218132 0.003041454710243639
GLOD4 0.0015202759873462167 0.0015202759873462874 0.003040551974692504
SIRT1 0.0015168250345300742 0.0015168250345299673 0.0030336500690600413
PLD1 0.0015163459018114407 0.0015163459018114258 0.0030326918036228667
FAM194B 0.0015153677426973495 0.00151536774269731 0.0030307354853946595
CDC42EP5 0.0015137229209741577 0.001513722920974123 0.0030274458419482808
OSBPL2 0.0015120032787533544 0.0015120032787533677 0.0030240065575067223
PAICS 0.0015117041430295689 0.001511704143029512 0.003023408286059081
CAPNS1 0.0015106754153539222 0.0015106754153539168 0.0030213508307078392
C1orf163 0.0015087722048928482 0.0015087722048928239 0.003017544409785672
EIF1 0.0015069813938435644 0.0015069813938435191 0.0030139627876870833
ZHX2 0.0015038637316192012 0.0015038637316191893 0.0030077274632383903
SOS1 0.0014997378064286382 0.00149973780642867 0.002999475612857308
DDR1 0.001495774908973276 0.0014957749089733676 0.0029915498179466436
MPPE1 0.0014947076748769615 0.0014947076748769174 0.002989415349753879
ARHGDIA 0.001493875144900795 0.001493875144900811 0.002987750289801606
BAT1 0.0014930592142328174 0.0014930592142328608 0.002986118428465678
SLC22A2 0.0014926190939829782 0.0014926190939829284 0.0029852381879659066
CDK13 0.001491850817297574 0.0014918508172975836 0.0029837016345951577
RPP38 0.0014901686517078828 0.00149016865170787 0.002980337303415753
CXXC5 0.0014900246868744273 0.0014900246868745374 0.0029800493737489647
RNMT 0.0014891286805936226 0.0014891286805935957 0.0029782573611872184
ENSA 0.0014890059112414333 0.0014890059112414203 0.0029780118224828536
TAS2R42 0.0014881993594354369 0.0014881993594353597 0.0029763987188707965
LOC731779 0.0014870330217185588 0.0014870330217185452 0.0029740660434371038
HMGXB3 0.0014869468008359735 0.0014869468008360043 0.002973893601671978
HIAT1 0.0014841065070404773 0.0014841065070405235 0.002968213014081001
C2orf84 0.00148171368719652 0.0014817136871965206 0.0029634273743930403
FAM153C 0.0014813285333160784 0.0014813285333161112 0.00296265706663219
RNF144A 0.0014783911512100162 0.0014783911512100322 0.0029567823024200485
FAM53B 0.00147769049653765 0.0014776904965376105 0.0029553809930752606
GGT1 0.0014722685712694446 0.0014722685712694591 0.002944537142538904
ZSCAN18 0.0014710397620036001 0.0014710397620036073 0.0029420795240072076
OSBPL11 0.0014694709990802353 0.0014694709990802403 0.0029389419981604758
MIR1178 0.001469300601257825 0.0014693006012577437 0.0029386012025155684
FHL3 0.0014681285234569936 0.001468128523457022 0.0029362570469140155
CFTR 0.0014679212503526267 0.001467921250352662 0.002935842500705289
ZNF354B 0.0014673188320499409 0.0014673188320499142 0.0029346376640998553
C1orf70 0.0014622494467165723 0.0014622494467165616 0.002924498893433134
NNT 0.001462092184244897 0.0014620921842448907 0.002924184368489788
SNORD58A 0.0014620158526231493 0.0014620158526230953 0.0029240317052462448
PIGT 0.0014614393785776847 0.0014614393785776464 0.002922878757155331
MIR191 0.0014591012566076082 0.0014591012566075921 0.0029182025132152003
TOPBP1 0.0014580759541962557 0.0014580759541962984 0.0029161519083925544
C2orf50 0.0014573106214505894 0.0014573106214505831 0.0029146212429011723
BIN1 0.0014559395392149473 0.0014559395392149594 0.0029118790784299067
L3MBTL 0.0014558589947302847 0.0014558589947302237 0.0029117179894605086
REST 0.0014550165614453635 0.0014550165614453958 0.0029100331228907594
LOC285796 0.0014549647316932709 0.0014549647316932698 0.0029099294633865404
DDX39 0.0014545667639828364 0.0014545667639828932 0.0029091335279657297
SAP30L 0.001452069976260796 0.0014520699762608459 0.002904139952521642
RNF141 0.0014506431221858157 0.0014506431221858473 0.002901286244371663
PRKACA 0.0014491800050765026 0.001449180005076462 0.0028983600101529644
STK35 0.001447508362851033 0.0014475083628510215 0.0028950167257020543
GTF3C1 0.0014461691616968033 0.0014461691616967614 0.002892338323393565
C7orf29 0.0014432313371504498 0.001443231337150371 0.002886462674300821
CLK2P 0.0014429487625505348 0.0014429487625505495 0.0028858975251010843
DDX17 0.0014408377515918662 0.0014408377515918167 0.002881675503183683
ALKBH3 0.0014396646437230911 0.0014396646437230855 0.0028793292874461766
CPNE2 0.0014347536599714106 0.0014347536599713313 0.002869507319942742
CBY3 0.0014302385725654342 0.0014302385725654516 0.0028604771451308858
HIC1 0.001430127766307238 0.0014301277663073054 0.0028602555326145435
NAT15 0.0014264802109644709 0.0014264802109646639 0.0028529604219291347
FAM91A1 0.001423395509836509 0.0014233955098365266 0.0028467910196730353
MAS1L 0.0014226245580995216 0.0014226245580995357 0.0028452491161990575
DYSFIP1 0.00141928460652225 0.0014192846065222795 0.0028385692130445295
TCL6 0.0014134922143235085 0.0014134922143235174 0.002826984428647026
C5orf13 0.0014119984909225175 0.0014119984909224728 0.0028239969818449904
FLT3LG 0.0014109697816636795 0.0014109697816636001 0.0028219395633272797
MYST4 0.0014104185293144097 0.0014104185293144405 0.00282083705862885
C7orf70 0.0014103008710455612 0.00141030087104567 0.002820601742091231
IER5L 0.0014094088412305136 0.0014094088412305219 0.0028188176824610355
THOC6 0.0014088270749160606 0.0014088270749159912 0.002817654149832052
CTBP2 0.001408301238247403 0.0014083012382473717 0.0028166024764947747
TRIAP1 0.0014076188099700856 0.0014076188099701502 0.002815237619940236
GAL3ST3 0.0014048238052483686 0.0014048238052483885 0.002809647610496757
CDK4 0.0014032253311069072 0.0014032253311068647 0.002806450662213772
KIAA0467 0.0014028785081855748 0.0014028785081856134 0.002805757016371188
FAM161A 0.0013996639232003937 0.0013996639232003462 0.00279932784640074
LEMD2 0.0013986576810827986 0.0013986576810827787 0.0027973153621655773
C6orf59 0.0013986409423340739 0.0013986409423340036 0.0027972818846680775
C8G 0.0013970445150518344 0.0013970445150517856 0.0027940890301036197
MYO15A 0.0013970246058242375 0.00139702460582418 0.0027940492116484174
BCL6B 0.0013956535105126594 0.001395653510512613 0.0027913070210252725
MMP7 0.0013951177453961508 0.0013951177453962506 0.0027902354907924014
KIFC1 0.0013946841222759296 0.0013946841222760224 0.002789368244551952
FSTL4 0.001391756978653903 0.001391756978653947 0.00278351395730785
DOLK 0.0013908101048575577 0.0013908101048577082 0.002781620209715266
KIAA1143 0.0013902247422035688 0.0013902247422035575 0.0027804494844071263
TRIM56 0.0013883804999685653 0.0013883804999686108 0.002776760999937176
COMT 0.0013880300353052968 0.0013880300353054423 0.002776060070610739
SHPRH 0.001386673798917318 0.0013866737989172992 0.0027733475978346175
MIR1977 0.0013835865455075402 0.0013835865455074968 0.002767173091015037
DPM3 0.0013830901159958913 0.0013830901159958867 0.0027661802319917782
ZNF790 0.0013818094906430172 0.0013818094906430298 0.002763618981286047
GPER 0.0013815532321945591 0.0013815532321945468 0.0027631064643891057
AKAP8 0.001381180316918589 0.0013811803169186353 0.002762360633837224
SLC22A18AS 0.0013809775657887306 0.0013809775657887715 0.0027619551315775023
PHF1 0.0013776179169763863 0.0013776179169763488 0.002755235833952735
NAALADL1 0.0013737077666409621 0.0013737077666409836 0.002747415533281946
PDRG1 0.0013698830043406757 0.0013698830043406176 0.0027397660086812933
FAM196A 0.0013696847640052052 0.001369684764005304 0.002739369528010509
FDPS 0.0013692869361472595 0.0013692869361473232 0.0027385738722945827
SLC41A3 0.0013692222291762095 0.0013692222291762767 0.002738444458352486
CREM 0.0013682640496245758 0.0013682640496245086 0.0027365280992490844
SMPD4 0.00136602380448238 0.0013660238044823302 0.0027320476089647103
HMBS 0.0013658575073854716 0.0013658575073856169 0.0027317150147710884
ABLIM3 0.0013657113338894785 0.0013657113338895056 0.002731422667778984
ANXA2 0.0013632269045050509 0.0013632269045049622 0.002726453809010013
ZNF322A 0.0013606868244786857 0.0013606868244787607 0.0027213736489574464
NELL2 0.0013576246842489322 0.0013576246842489522 0.0027152493684978844
HERC1 0.0013573269849514902 0.001357326984951451 0.002714653969902941
BCCIP 0.0013536142237018807 0.001353614223701854 0.0027072284474037346
WDR70 0.0013534313392482877 0.001353431339248287 0.002706862678496575
EFHA1 0.0013525073526088475 0.0013525073526088438 0.002705014705217691
RHBDF1 0.001352182597809855 0.0013521825978098324 0.0027043651956196874
DDB2 0.001350418730075938 0.001350418730075918 0.002700837460151856
NCRNA00114 0.001350278427953406 0.001350278427953389 0.002700556855906795
STARD6 0.001350229477070667 0.001350229477070646 0.002700458954141313
MIER2 0.0013501171831293798 0.001350117183129306 0.002700234366258686
LOC100132354 0.0013499703535119162 0.0013499703535117488 0.002699940707023665
SRP54 0.0013481077298594455 0.0013481077298594648 0.0026962154597189106
GRAPL 0.0013480933315848135 0.0013480933315848835 0.002696186663169697
RUNDC2A 0.0013480302338130222 0.0013480302338130517 0.002696060467626074
ARHGAP25 0.00134726529062989 0.0013472652906299017 0.0026945305812597917
LEAP2 0.001345586907378966 0.00134558690737896 0.002691173814757926
PISD 0.0013448724337132806 0.0013448724337131932 0.0026897448674264735
MGC57346 0.0013445119170935038 0.0013445119170934121 0.002689023834186916
ETFA 0.0013443405729891386 0.001344340572989202 0.0026886811459783406
RDBP 0.0013427316171693883 0.0013427316171694221 0.0026854632343388104
MIR627 0.001338365131671722 0.001338365131671642 0.002676730263343364
ANKRD11 0.0013373045036778625 0.0013373045036779282 0.002674609007355791
C1QTNF1 0.0013353403944803238 0.0013353403944803698 0.0026706807889606936
NACAP1 0.0013331642150949826 0.0013331642150950008 0.0026663284301899834
PKNOX2 0.0013319820202587595 0.0013319820202586934 0.0026639640405174527
TC2N 0.0013311952277295512 0.0013311952277295389 0.0026623904554590903
DHRS1 0.0013298928865528943 0.0013298928865529448 0.0026597857731058393
ZNF696 0.0013290902276721943 0.001329090227672247 0.0026581804553444414
TMEM104 0.0013274245487093078 0.0013274245487092506 0.0026548490974185584
AGFG2 0.0013264261856017058 0.0013264261856016572 0.002652852371203363
LGALS9C 0.001325600931293211 0.001325600931293237 0.002651201862586448
WDR38 0.00132464559114927 0.0013246455911493098 0.0026492911822985797
LITAF 0.0013219655055529368 0.0013219655055529092 0.002643931011105846
ECSCR 0.0013216961451437694 0.001321696145143777 0.0026433922902875462
POLE 0.0013201325716618816 0.0013201325716618493 0.0026402651433237306
PDIA6 0.0013197516125575703 0.0013197516125575417 0.002639503225115112
SIN3A 0.0013167612424919385 0.0013167612424919578 0.002633522484983896
PSMB8 0.0013163159274683788 0.0013163159274682565 0.0026326318549366352
XPNPEP1 0.0013157888506144526 0.0013157888506144743 0.002631577701228927
P2RX6P 0.0013157114481118163 0.001315711448111774 0.0026314228962235906
CALU 0.0013153746426075757 0.0013153746426076216 0.0026307492852151973
RILPL2 0.001312051419661816 0.0013120514196618058 0.0026241028393236216
EZH2 0.0013106560149954436 0.0013106560149954943 0.002621312029990938
RNF138 0.0013088007317636294 0.00130880073176357 0.0026176014635271995
TXNDC6 0.0013078271089460866 0.0013078271089460292 0.002615654217892116
PACSIN1 0.0013072694343804869 0.0013072694343805415 0.0026145388687610284
ACTR3C 0.0013068602571180057 0.0013068602571179228 0.0026137205142359285
HGFAC 0.0013064384059901207 0.001306438405990099 0.0026128768119802197
GBAP1 0.0013063880146194167 0.0013063880146195474 0.0026127760292389644
NCKAP1 0.0013046773293965577 0.0013046773293965376 0.002609354658793095
C2orf79 0.0013040389241431136 0.001304038924143107 0.0026080778482862207
MRPS18C 0.0013031415499644653 0.0013031415499644258 0.002606283099928891
KLK6 0.0013027220096639587 0.0013027220096638989 0.0026054440193278576
C17orf99 0.0013024865431279869 0.0013024865431278596 0.0026049730862558462
ASXL2 0.0013022962435691485 0.0013022962435691766 0.002604592487138325
KCNE4 0.0013007220476125019 0.0013007220476124357 0.002601444095224938
ANKRD23 0.0013000196554992698 0.0013000196554992377 0.0026000393109985075
SOX15 0.0012999402550901693 0.0012999402550901507 0.00259988051018032
SIK1 0.001299825404497091 0.001299825404497074 0.0025996508089941653
AP3D1 0.0012987900891506439 0.0012987900891508607 0.0025975801783015046
OPA3 0.001298045543424104 0.0012980455434241913 0.002596091086848295
ZNF738 0.0012964260845676413 0.0012964260845677073 0.0025928521691353486
C19orf50 0.0012945928583398274 0.001294592858339741 0.0025891857166795685
SLC27A3 0.0012944877622629919 0.001294487762262935 0.002588975524525927
MXD3 0.0012927105800422506 0.0012927105800422385 0.002585421160084489
LYPLA1 0.00129263981956751 0.0012926398195675045 0.0025852796391350142
CDC42EP1 0.0012922239920328984 0.0012922239920329472 0.0025844479840658454
RAB33B 0.0012919003605610622 0.0012919003605611561 0.002583800721122218
ATP2B4 0.001291154879401618 0.0012911548794015803 0.0025823097588031983
PTCH1 0.0012895923980878736 0.0012895923980879007 0.0025791847961757746
SOLH 0.001284950424854885 0.0012849504248549058 0.0025699008497097908
CDAN1 0.0012842374067389144 0.0012842374067389359 0.0025684748134778505
LPIN3 0.0012819783080843315 0.0012819783080843085 0.00256395661616864
TANC1 0.0012818542376891442 0.001281854237689115 0.002563708475378259
SERF2 0.0012804795533108923 0.0012804795533108634 0.0025609591066217555
CDK5RAP1 0.0012795897882079835 0.0012795897882080082 0.0025591795764159917
DDX46 0.0012789461207788882 0.0012789461207788886 0.002557892241557777
AGRN 0.0012787257428825772 0.0012787257428825511 0.0025574514857651283
RB1CC1 0.0012783238798307966 0.0012783238798307647 0.0025566477596615615
ACSL3 0.0012771043086707778 0.0012771043086708012 0.002554208617341579
DZIP1L 0.001276967851488191 0.0012769678514881356 0.0025539357029763267
ID2 0.0012733443901957841 0.001273344390195859 0.002546688780391643
STIL 0.001272528067860942 0.001272528067860942 0.002545056135721884
GNPDA1 0.001272255382119415 0.0012722553821194298 0.0025445107642388448
MPZL1 0.0012714914537545606 0.0012714914537547278 0.0025429829075092883
AQP10 0.0012695600714336679 0.0012695600714337121 0.00253912014286738
NCRNA00120 0.0012686222944679846 0.0012686222944679332 0.0025372445889359175
CEBPD 0.0012685129798567286 0.001268512979856681 0.0025370259597134095
FOXP1 0.0012655150567421562 0.0012655150567422362 0.002531030113484392
RALGPS2 0.001264972840608713 0.0012649728406086854 0.002529945681217398
MOGS 0.0012637284459661824 0.0012637284459662917 0.002527456891932474
CASKIN2 0.0012630118790663946 0.00126301187906652 0.0025260237581329146
PLA2G2A 0.0012628413902775744 0.0012628413902776206 0.0025256827805551947
ATP6V1H 0.001262584105886904 0.0012625841058869767 0.002525168211773881
POPDC2 0.0012614362523849574 0.0012614362523849882 0.0025228725047699457
GRPEL2 0.0012608901123235942 0.001260890112323523 0.0025217802246471173
FBXW9 0.0012600754561222173 0.0012600754561222429 0.00252015091224446
ZSCAN12L1 0.0012581516762413814 0.0012581516762412437 0.002516303352482625
PPP4C 0.0012573795487911149 0.0012573795487911764 0.0025147590975822913
DSPP 0.0012566384951904186 0.0012566384951903729 0.0025132769903807913
URB2 0.0012534639087191184 0.00125346390871909 0.002506927817438208
C15orf39 0.0012528612237342476 0.0012528612237342122 0.00250572244746846
LOC729156 0.0012515670452958277 0.0012515670452958078 0.0025031340905916355
DUSP13 0.0012501912067668685 0.001250191206766843 0.0025003824135337114
EGFL8 0.0012494977189971886 0.0012494977189972407 0.0024989954379944293
SMNDC1 0.0012483413233768666 0.0012483413233769273 0.002496682646753794
WNT9B 0.0012476925592701702 0.001247692559270171 0.0024953851185403413
LSM3 0.0012476234490886378 0.0012476234490886103 0.0024952468981772483
GALK1 0.001247010534317817 0.0012470105343178346 0.0024940210686356518
HELQ 0.0012450528906023622 0.0012450528906023319 0.002490105781204694
CSRP1 0.0012445653514463295 0.001244565351446325 0.0024891307028926547
ESPNP 0.0012443753872181662 0.0012443753872181061 0.0024887507744362726
MED20 0.0012443745570508628 0.0012443745570508012 0.002488749114101664
ENTPD6 0.0012435287464020617 0.0012435287464020491 0.002487057492804111
BRP44L 0.0012425753100973633 0.0012425753100974214 0.0024851506201947846
FOXJ2 0.001240783345074729 0.0012407833450746285 0.0024815666901493575
SNORD24 0.0012401886726107272 0.001240188672610736 0.002480377345221463
C11orf24 0.0012397132078499971 0.0012397132078500002 0.0024794264156999973
MIR1252 0.001238472504752667 0.0012384725047526561 0.002476945009505323
EPHB4 0.0012381563104914273 0.0012381563104913863 0.0024763126209828134
C22orf24 0.0012378561999785273 0.0012378561999785182 0.0024757123999570455
LGTN 0.001236736879947898 0.0012367368799479624 0.00247347375989586
TRNT1 0.0012341611181567837 0.0012341611181567722 0.0024683222363135558
NEK5 0.0012306073345038188 0.001230607334503935 0.002461214669007754
EHBP1 0.0012290901623929274 0.0012290901623929205 0.002458180324785848
BMPR1A 0.0012285746494480458 0.0012285746494479618 0.0024571492988960074
NEIL2 0.0012282325263980923 0.0012282325263981058 0.002456465052796198
DAZAP1 0.0012278862275869004 0.0012278862275869812 0.0024557724551738814
TRPV1 0.0012260840092276934 0.0012260840092276509 0.0024521680184553443
ZBTB1 0.001225162924685093 0.0012251629246851172 0.00245032584937021
C4orf41 0.0012235417709559417 0.0012235417709559344 0.002447083541911876
NDUFS2 0.0012231685972106505 0.001223168597210665 0.0024463371944213157
RAB9P1 0.0012228247214378007 0.0012228247214378257 0.002445649442875626
MRPL15 0.001222630290853192 0.0012226302908532193 0.0024452605817064112
TBC1D23 0.0012203054519069937 0.0012203054519069347 0.0024406109038139284
CYP51A1 0.0012196676947786014 0.0012196676947786808 0.002439335389557282
ASB2 0.0012192895868676063 0.0012192895868675757 0.0024385791737351822
MIR2110 0.0012181529384362117 0.0012181529384361306 0.0024363058768723423
DLGAP4 0.0012178555163504202 0.0012178555163504855 0.0024357110327009055
HMGN3 0.001217729283561064 0.0012177292835610777 0.0024354585671221415
TSPAN1 0.0012165363352277824 0.0012165363352277824 0.002433072670455565
CST9 0.0012158138516015515 0.0012158138516014053 0.002431627703202957
NSA2 0.0012137071728551723 0.0012137071728550374 0.0024274143457102097
ORC4L 0.0012136056855415296 0.0012136056855415833 0.002427211371083113
SEC11C 0.0012105335991741538 0.0012105335991740346 0.0024210671983481884
NUDCD3 0.0012071461212334023 0.0012071461212334327 0.002414292242466835
POLH 0.0012052868363200276 0.0012052868363200886 0.0024105736726401164
STAG3L4 0.0012045956625241763 0.0012045956625242715 0.002409191325048448
MIR1272 0.0012043879972114988 0.0012043879972114912 0.0024087759944229903
TRIM46 0.0012035615898950437 0.0012035615898949733 0.002407123179790017
PHTF1 0.0012033235319156852 0.0012033235319157112 0.0024066470638313964
CEBPG 0.001201783368422141 0.0012017833684221126 0.0024035667368442534
ANKRD39 0.0012015183478499298 0.0012015183478497893 0.002403036695699719
MRPL34 0.001200411759885805 0.0012004117598857999 0.002400823519771605
FBXO32 0.00120001965655754 0.0012000196565575831 0.002400039313115123
TAS1R1 0.0011983356998793294 0.0011983356998793502 0.0023966713997586797
CCDC51 0.001197474596244264 0.001197474596244218 0.002394949192488482
THRAP3 0.0011962258592132374 0.0011962258592132582 0.0023924517184264957
PLEKHM1 0.0011958913434072214 0.0011958913434072503 0.002391782686814472
LOC284798 0.0011956711931581656 0.00119567119315821 0.002391342386316376
WDR18 0.00119462605492484 0.0011946260549247022 0.0023892521098495424
CANX 0.001194457771946229 0.0011944577719461814 0.0023889155438924104
TSTD1 0.0011935694631232487 0.001193569463123316 0.0023871389262465647
TFEB 0.0011913259704245825 0.0011913259704246872 0.0023826519408492695
PPP2R5D 0.0011912832490542041 0.0011912832490541705 0.002382566498108375
TBC1D13 0.0011870451144927615 0.0011870451144928799 0.0023740902289856414
PTS 0.001187018122290117 0.0011870181222901359 0.002374036244580253
ATP1B3 0.001186957936596366 0.0011869579365964065 0.0023739158731927723
MOSPD3 0.001185379036298536 0.001185379036298613 0.0023707580725971494
WDFY3 0.0011846863753977178 0.0011846863753976538 0.002369372750795372
PTBP2 0.0011837727711341464 0.001183772771134123 0.0023675455422682693
DOPEY2 0.0011830559939609473 0.0011830559939608755 0.002366111987921823
C2orf65 0.0011824912248304916 0.0011824912248304944 0.0023649824496609862
HRAS 0.001180470212249878 0.0011804702122500085 0.0023609404244998864
C7orf59 0.0011791151997722043 0.0011791151997721855 0.00235823039954439
LOC282997 0.0011770681262706177 0.0011770681262705598 0.002354136252541178
PDE4C 0.0011742633925598274 0.0011742633925598423 0.00234852678511967
FLJ90757 0.0011722018539591583 0.001172201853959231 0.002344403707918389
HNRNPUL2 0.001167289476820111 0.0011672894768201179 0.0023345789536402288
CALCOCO2 0.0011653788633072227 0.0011653788633072995 0.002330757726614522
HIST2H2BF 0.001160455997207183 0.0011604559972071967 0.00232091199441438
MADD 0.0011590654039026077 0.0011590654039026471 0.002318130807805255
SH3BP4 0.0011589124228262838 0.0011589124228262642 0.002317824845652548
PSMD13 0.0011581668135351689 0.0011581668135352088 0.0023163336270703777
TSTA3 0.001156018879341586 0.0011560188793415956 0.0023120377586831817
ZNF225 0.001155317489671608 0.0011553174896716339 0.0023106349793432417
FLAD1 0.001154137865032078 0.0011541378650320809 0.0023082757300641587
RPL7L1 0.0011532719080408894 0.0011532719080409092 0.002306543816081799
KIFC3 0.0011528890038780518 0.0011528890038781498 0.0023057780077562016
BHLHE40 0.0011526988861978735 0.0011526988861979106 0.0023053977723957843
AURKA 0.0011493581873747954 0.001149358187374777 0.0022987163747495726
CLIP2 0.0011483254800103504 0.0011483254800103912 0.0022966509600207416
FSD1 0.001147974285312724 0.001147974285312714 0.002295948570625438
SRPR 0.0011458946127992549 0.0011458946127992052 0.00229178922559846
PCBP2 0.0011440440556318853 0.0011440440556318913 0.0022880881112637766
YIPF5 0.0011406396497190075 0.0011406396497189465 0.0022812792994379542
SNX24 0.0011373707705198688 0.0011373707705198488 0.0022747415410397176
C15orf51 0.001134405250889586 0.0011344052508895698 0.002268810501779156
GON4L 0.0011323468047770085 0.001132346804777011 0.0022646936095540196
GYS1 0.001131256006400122 0.001131256006400119 0.002262512012800241
TCEB1 0.0011310908399456718 0.001131090839945717 0.002262181679891389
ZSCAN22 0.0011305767259033542 0.001130576725903351 0.002261153451806705
MIR654 0.0011263376453882425 0.0011263376453882802 0.0022526752907765226
LOC440926 0.0011257594357476724 0.0011257594357476821 0.0022515188714953543
NOD1 0.0011255294872900168 0.0011255294872899706 0.0022510589745799872
POM121 0.0011237139001538977 0.001123713900153905 0.0022474278003078024
MTCH1 0.0011230687004315841 0.0011230687004315462 0.0022461374008631305
C5orf15 0.0011223347608916392 0.001122334760891682 0.002244669521783321
NIPA2 0.0011206070384811393 0.0011206070384812 0.0022412140769623393
FKRP 0.0011200012909963221 0.0011200012909963314 0.0022400025819926533
METTL13 0.0011186098817322196 0.0011186098817321916 0.002237219763464411
SPTBN1 0.0011176018982363598 0.0011176018982363637 0.0022352037964727236
FLJ32810 0.0011172578456995232 0.0011172578456995143 0.0022345156913990373
ANKRD27 0.0011154574320809965 0.0011154574320810563 0.0022309148641620528
GJC2 0.0011150656904618654 0.0011150656904618814 0.0022301313809237468
COPS3 0.0011149350430590755 0.0011149350430590514 0.0022298700861181266
CHRNA10 0.0011136728803772303 0.0011136728803771772 0.0022273457607544078
FKBPL 0.0011129441606084337 0.0011129441606084467 0.0022258883212168804
PITPNM2 0.0011121372667963077 0.0011121372667963361 0.002224274533592644
PRDM8 0.0011117734623451796 0.0011117734623451616 0.0022235469246903415
AMAC1L3 0.0011097078462397295 0.001109707846239671 0.0022194156924794004
SDHAF1 0.0011096777311864338 0.0011096777311863932 0.0022193554623728268
ZC3H6 0.0011093431329787628 0.001109343132978759 0.0022186862659575217
GABPB2 0.0011086454936580492 0.0011086454936580041 0.0022172909873160534
TP53INP2 0.00110762707441643 0.0011076270744163899 0.00221525414883282
DDX42 0.0011048279247276756 0.001104827924727644 0.0022096558494553195
DNAJC28 0.001102435833580272 0.0011024358335802015 0.0022048716671604733
CLDN19 0.0011007590208430378 0.0011007590208430926 0.0022015180416861306
ZNF232 0.0010996296407087425 0.0010996296407086517 0.002199259281417394
ARPC4 0.001098962441772948 0.0010989624417729721 0.00219792488354592
SSB 0.001098299412493909 0.0010982994124938744 0.0021965988249877835
RSBN1L 0.0010908668110592944 0.0010908668110593063 0.0021817336221186005
GDF1 0.0010903260926346829 0.0010903260926346796 0.0021806521852693623
ADAMTSL4 0.0010897590967104765 0.00108975909671043 0.0021795181934209065
STK25 0.0010854674300538293 0.001085467430053857 0.0021709348601076863
SS18L1 0.0010848948329092577 0.001084894832909261 0.0021697896658185185
FAM82A2 0.001084476977403236 0.001084476977403339 0.0021689539548065753
MIR21 0.0010807331188596827 0.0010807331188596636 0.0021614662377193463
SLC2A14 0.0010775308837887479 0.0010775308837886865 0.0021550617675774346
ACTL6A 0.0010760370694859074 0.001076037069485932 0.0021520741389718396
IBTK 0.0010757648906401828 0.0010757648906401908 0.002151529781280374
ZNF639 0.001073777164038671 0.0010737771640386747 0.002147554328077346
KIAA0528 0.0010729124105166802 0.0010729124105165891 0.0021458248210332693
NARF 0.00107001302191827 0.0010700130219183511 0.002140026043836621
NLK 0.0010700026997241523 0.0010700026997241597 0.002140005399448312
TXNRD3IT1 0.001067255775220453 0.0010672557752205028 0.002134511550440956
C14orf133 0.0010667148054710532 0.001066714805471113 0.0021334296109421663
FGFR1OP2 0.0010660409260551708 0.0010660409260551888 0.00213208185211036
SKIL 0.0010652229331289652 0.001065222933128897 0.0021304458662578622
B4GALT5 0.0010649822368730313 0.0010649822368729443 0.0021299644737459754
RECQL4 0.0010633542367652644 0.00106335423676529 0.0021267084735305543
ANAPC11 0.0010611377965427057 0.0010611377965427608 0.0021222755930854664
RALBP1 0.0010602887510187244 0.0010602887510187185 0.002120577502037443
POLR3D 0.0010601459769883563 0.0010601459769884083 0.0021202919539767646
TMBIM4 0.0010568834916556715 0.001056883491655606 0.0021137669833112775
SLN 0.0010565560733899805 0.0010565560733900533 0.0021131121467800338
TLR5 0.0010546740541982696 0.001054674054198183 0.002109348108396453
CYP2S1 0.001052861279512367 0.001052861279512257 0.0021057225590246243
TWF2 0.0010525664418528139 0.0010525664418527558 0.0021051328837055697
SLC39A3 0.0010502512152406828 0.0010502512152407134 0.002100502430481396
ZNF687 0.0010491306495104935 0.001049130649510527 0.0020982612990210203
DLG2 0.0010477013743189997 0.0010477013743190676 0.002095402748638067
NOLC1 0.0010449254556503793 0.0010449254556503247 0.002089850911300704
DEPDC1B 0.0010383171561828331 0.0010383171561827872 0.0020766343123656203
PFKFB4 0.001036751556657456 0.001036751556657424 0.00207350311331488
HIST1H3G 0.0010357014771973387 0.0010357014771973628 0.0020714029543947013
APOL3 0.0010351473477899441 0.0010351473477899832 0.0020702946955799273
VPS18 0.0010341932036609367 0.0010341932036609057 0.0020683864073218422
NR2F6 0.0010337984908611155 0.0010337984908609793 0.0020675969817220948
PPWD1 0.0010335699982212093 0.0010335699982212214 0.0020671399964424307
HCRT 0.0010326976099338783 0.0010326976099337987 0.0020653952198676773
BAT2 0.0010318960369747592 0.0010318960369748568 0.002063792073949616
AAK1 0.0010312491007706762 0.0010312491007707127 0.002062498201541389
PDE6G 0.0010308221673130166 0.0010308221673129548 0.0020616443346259715
NOL7 0.0010299895977225594 0.0010299895977225525 0.002059979195445112
ZMAT3 0.0010290796756665564 0.0010290796756665984 0.002058159351333155
FAM131A 0.001028873752690538 0.001028873752690564 0.002057747505381102
AURKB 0.00102745741858646 0.0010274574185864366 0.0020549148371728967
MRPL46 0.001027455142877691 0.0010274551428777108 0.002054910285755402
DCK 0.0010266868636845728 0.001026686863684518 0.002053373727369091
KIAA0182 0.0010262883859123947 0.0010262883859123344 0.002052576771824729
ZNF181 0.0010262564078765764 0.0010262564078766284 0.002052512815753205
SESN1 0.001025974314502881 0.0010259743145029222 0.0020519486290058032
TMEM80 0.0010237896743183596 0.0010237896743183791 0.0020475793486367387
KCTD21 0.001023565544164049 0.0010235655441640152 0.0020471310883280643
WDR26 0.0010234535762053479 0.001023453576205322 0.0020469071524106697
GTF2I 0.0010222700331180819 0.0010222700331181172 0.002044540066236199
DNTTIP2 0.001014409269151308 0.0010144092691513555 0.0020288185383026637
TRIM61 0.0010106600243628442 0.0010106600243628295 0.0020213200487256737
NID1 0.0010103898636004993 0.0010103898636005036 0.002020779727201003
ZNF700 0.0010099910234656524 0.001009991023465661 0.0020199820469313135
RAB1B 0.0010096292047120329 0.0010096292047120877 0.002019258409424121
MIR1975 0.0010082663806277848 0.0010082663806277813 0.002016532761255566
PPP3R1 0.0010077104755264936 0.0010077104755264066 0.0020154209510529
SLC22A4 0.0010052674509776931 0.001005267450977758 0.002010534901955451
LASP1 0.001005158480390825 0.001005158480390826 0.002010316960781651
DBF4B 0.0010034546897909455 0.0010034546897910418 0.0020069093795819872
SMAD6 0.0010023970955851773 0.0010023970955851465 0.0020047941911703238
CYHR1 0.0010004742037582972 0.0010004742037583781 0.0020009484075166756
SNORD72 0.0009984287488179456 0.0009984287488178955 0.001996857497635841
DENND1B 0.0009943850350313528 0.0009943850350313838 0.001988770070062737
UQCC 0.0009935748107545669 0.0009935748107546744 0.0019871496215092413
HDAC4 0.0009905549838331526 0.0009905549838331268 0.0019811099676662796
ZNRF1 0.0009892975737733204 0.000989297573773226 0.0019785951475465467
TIPIN 0.0009881827066012317 0.0009881827066012768 0.0019763654132025086
PPP4R1 0.0009782100861247815 0.0009782100861248566 0.001956420172249638
SNORA34 0.0009765947637575922 0.0009765947637576243 0.0019531895275152165
MOBKL2C 0.0009764766875715727 0.0009764766875715169 0.0019529533751430897
RCAN3 0.0009748146249193443 0.0009748146249194248 0.001949629249838769
PDIK1L 0.0009743520126922247 0.0009743520126922267 0.0019487040253844514
TUSC2 0.0009736313740094617 0.0009736313740093783 0.00194726274801884
PAIP2 0.0009727413293535705 0.0009727413293535655 0.001945482658707136
STAU1 0.0009711990164566562 0.000971199016456529 0.0019423980329131853
E2F2 0.0009711957197554467 0.0009711957197554872 0.0019423914395109338
NR2C1 0.0009703257627923557 0.000970325762792357 0.0019406515255847127
LOXL4 0.0009697206319145486 0.0009697206319145702 0.0019394412638291188
BRCA1 0.0009663691496602396 0.0009663691496601871 0.0019327382993204268
DAAM1 0.0009654907094493303 0.0009654907094493544 0.0019309814188986846
SQSTM1 0.0009647898011804561 0.0009647898011804944 0.0019295796023609505
GPR56 0.0009646103595743251 0.0009646103595742517 0.0019292207191485768
SLC39A7 0.0009633844782992621 0.0009633844782992026 0.0019267689565984646
PAK1 0.0009629322533213292 0.000962932253321281 0.00192586450664261
SNRPB2 0.0009625207917446701 0.0009625207917446446 0.0019250415834893148
DNAJC5 0.0009619770676078411 0.0009619770676079 0.0019239541352157412
NBPF15 0.0009613734886542349 0.0009613734886542647 0.0019227469773084997
RANBP2 0.0009612921026523018 0.0009612921026523452 0.001922584205304647
GMIP 0.000956680734151167 0.0009566807341511834 0.0019133614683023504
BLCAP 0.0009548847247271963 0.0009548847247272662 0.0019097694494544623
SH3D20 0.0009504882777635777 0.0009504882777636354 0.0019009765555272132
C2orf52 0.0009501483529146827 0.00095014835291458 0.0019002967058292628
ZNF397OS 0.0009469806412341914 0.0009469806412342026 0.0018939612824683942
GUCY1B2 0.0009433471558355968 0.0009433471558354201 0.0018866943116710169
MIR1185-1 0.0009428199500273165 0.0009428199500272139 0.0018856399000545304
RGS12 0.0009403894207278623 0.0009403894207278731 0.0018807788414557354
LOH12CR1 0.0009400434385204738 0.0009400434385204293 0.001880086877040903
PRR7 0.0009391745990300583 0.000939174599030073 0.0018783491980601313
LDB1 0.0009388809024433195 0.0009388809024433416 0.0018777618048866612
LOC284749 0.0009355134738854847 0.0009355134738854111 0.0018710269477708956
PANK2 0.0009298495642704085 0.0009298495642704179 0.0018596991285408262
GFOD2 0.0009275160608839802 0.0009275160608840079 0.001855032121767988
C1orf100 0.0009273751728513218 0.0009273751728513331 0.001854750345702655
RAD21 0.0009267147657767455 0.0009267147657767974 0.001853429531553543
MANF 0.0009247688968618644 0.0009247688968618785 0.0018495377937237428
SPC24 0.0009244947102258722 0.0009244947102258816 0.0018489894204517538
LOC728927 0.0009226235182794309 0.0009226235182794018 0.0018452470365588327
SLC26A6 0.000921821213577886 0.0009218212135779502 0.0018436424271558362
TRIB1 0.0009212099421684184 0.0009212099421683865 0.0018424198843368048
ALS2CR11 0.0009178989028000474 0.0009178989028000824 0.0018357978056001297
ZNF366 0.0009123317208223656 0.0009123317208224541 0.0018246634416448197
MBD6 0.0009107929235417896 0.0009107929235417335 0.0018215858470835232
ADCK5 0.0009084080106021722 0.0009084080106022052 0.0018168160212043774
MLX 0.0009062327465083583 0.0009062327465083214 0.0018124654930166796
STX3 0.0009057077690133766 0.0009057077690133711 0.0018114155380267475
FLOT1 0.0009018791520458772 0.0009018791520458615 0.0018037583040917387
LOC344595 0.0009001533593396991 0.0009001533593396924 0.0018003067186793914
C6orf48 0.0008997207998559199 0.0008997207998558854 0.0017994415997118053
PRR23C 0.000897124904657766 0.0008971249046577206 0.0017942498093154865
MAN2C1 0.0008948318212077007 0.0008948318212077894 0.00178966364241549
CCND3 0.0008945655566362261 0.0008945655566361673 0.0017891311132723934
NOMO2 0.0008922788420684203 0.0008922788420684353 0.0017845576841368557
UGGT1 0.0008904630671047393 0.0008904630671046658 0.001780926134209405
ATAD5 0.0008903018418822576 0.000890301841882286 0.0017806036837645436
MGRN1 0.0008884896094334717 0.0008884896094334844 0.001776979218866956
SNORD46 0.00088641773311364 0.0008864177331136171 0.0017728354662272573
PTPRU 0.000881884797498985 0.0008818847974990364 0.0017637695949980214
ZNF32 0.0008800275582166392 0.000880027558216591 0.0017600551164332302
CLDND1 0.0008777508706676182 0.0008777508706675974 0.0017555017413352157
LRRN4CL 0.0008775097072097346 0.0008775097072097879 0.0017550194144195226
NFYA 0.0008741999931727631 0.0008741999931727477 0.0017483999863455108
SERP1 0.0008739280268597364 0.0008739280268597651 0.0017478560537195014
C16orf88 0.0008714666122297963 0.0008714666122297217 0.001742933224459518
TRIM4 0.0008709497552858983 0.0008709497552859101 0.0017418995105718082
CDK1 0.0008672489164944753 0.0008672489164944421 0.0017344978329889174
MIR492 0.0008630957962414438 0.0008630957962414195 0.0017261915924828633
C9orf41 0.0008610325088715976 0.000861032508871615 0.0017220650177432126
KLHL29 0.0008546521380742545 0.0008546521380741367 0.001709304276148391
TNIP1 0.0008520699906387379 0.0008520699906387657 0.0017041399812775036
TMEM219 0.0008495592795090713 0.0008495592795089308 0.0016991185590180021
RAP2B 0.0008440812166934771 0.00084408121669348 0.001688162433386957
SNX27 0.0008166743018788744 0.0008166743018789009 0.0016333486037577753
NDST1 0.0008164882992399647 0.0008164882992399945 0.0016329765984799591
LOC284788 0.0008146875577269201 0.000814687557726922 0.001629375115453842
C20orf11 0.0008084061148855842 0.0008084061148855243 0.0016168122297711084
RABGGTA 0.0008047799108203173 0.0008047799108202551 0.0016095598216405724
LRRC37B 0.0008018278012216622 0.0008018278012216955 0.0016036556024433576
SNORD114-4 0.0007946869212916696 0.0007946869212916579 0.0015893738425833276
UBXN6 0.0007906675921583153 0.0007906675921582993 0.0015813351843166146
HDAC2 0.0007870223124932685 0.0007870223124932229 0.0015740446249864915
BBS1 0.0007843696847249122 0.0007843696847248709 0.0015687393694497833
DNAJC16 0.0007685280109625765 0.0007685280109626148 0.0015370560219251914
HSF2 0.00076674720978608 0.0007667472097860746 0.0015334944195721546
ALDH9A1 0.0007662354889940861 0.0007662354889940524 0.0015324709779881386
CAMKK2 0.0007559518968313924 0.0007559518968314839 0.0015119037936628763
KIAA0664 0.0007503030245907835 0.0007503030245907796 0.0015006060491815632
JDP2 0.0007483502869296465 0.0007483502869296258 0.0014967005738592723
CENPF 0.0007482528064071005 0.0007482528064071439 0.0014965056128142444
ZC3H14 0.0007479311457680665 0.0007479311457680503 0.0014958622915361168
WDR87 0.0007462300741664127 0.0007462300741664246 0.0014924601483328373
TMEM55B 0.0007218775458770206 0.000721877545877082 0.0014437550917541027
YLPM1 0.0007150378304728798 0.0007150378304729079 0.0014300756609457875
HEY1 0.0007030906952813965 0.0007030906952814111 0.0014061813905628076
MC4R 0.0006964415431371977 0.0006964415431372969 0.0013928830862744946
PDSS1 0.0006901057062012028 0.0006901057062012498 0.0013802114124024526
ABTB2 0.0006824746310290691 0.0006824746310290955 0.0013649492620581645
AP2M1 0.0006792704551475707 0.0006792704551475702 0.001358540910295141
ABLIM1 0.0006786339342888467 0.0006786339342888488 0.0013572678685776956
SEMA6C 0.0006769757108865666 0.0006769757108865753 0.001353951421773142
SLC25A16 0.0006687969893232753 0.0006687969893232492 0.0013375939786465245
SLC47A2 0.0006632144252155319 0.0006632144252155765 0.0013264288504311085
ADD1 0.0006562316703575164 0.000656231670357575 0.0013124633407150914
ZNF385B 0.0006427165467201614 0.0006427165467201432 0.0012854330934403046
RYBP 0.0006386019153480617 0.0006386019153481161 0.0012772038306961778
MRPL52 0.0006204340308231344 0.0006204340308231807 0.0012408680616463152
