SYMBOL	G1	G2	G3
AAK1	-43.923351796504	-15.0527869917962	-11.138036339007
ABCA4	-19.2325629088577	-19.1689052190288	-29.6481502642716
ABHD12B	7.8397697910705	19.3086186597906	29.8419847122334
ABLIM3	-23.4768007900928	-9.26331538096847	-10.0588138378461
ACAT2	-21.9509276251535	-23.5116243777941	-24.1955791642668
ACBD5	-11.2661861256172	-16.8861718351844	-19.8512534040546
ACOX3	-27.347485478177	-36.9230463527565	-60.8444656064758
ACSL3	-30.5617528126367	-35.928699463528	-42.5006171606639
ADAMTSL4	-11.2478293344249	-13.4932994190204	-25.2810585802847
ADAR	-6.34937249729548	-9.4802754224587	-18.93653697191
ADCK5	-25.05830331991	-15.0330873753445	-15.6421647137672
ADORA1	-32.2873799605511	-13.8207445589796	-2.67758594544322
AGAP11	-38.5056496328476	-20.5627008415006	-11.5114787242641
AGFG1	-33.338238390378	-22.8938913523247	-6.92030143743559
ALPL	22.5186525992241	44.0184036122286	65.5586932575122
ANG	33.9886152491161	40.7977492229608	83.7660273803609
ANKRD13B	-14.4987943886008	-15.4768019137034	-19.9492547316274
APOL3	0.224197381096782	3.63491373549624	24.0624408692636
AQP10	-35.6068741200415	-38.6463048923333	-66.1716085682309
ARAP1	-81.1353884493755	-49.2034741368324	-62.4529970786234
ARFGAP1	-13.0305553925441	-18.2651440647549	-24.5812106820712
ATG16L1	-11.1763784245409	-15.614328573042	-15.8453981656726
ATP5O	-15.1435576221787	-20.2990002096172	-31.9169627011618
ATPGD1	-70.0423082567896	-83.4768930063916	-87.7691551120727
AURKA	-18.1570076581252	-19.151346388604	-19.153626113681
BAT1	-20.7887303688217	-19.6876859029996	-39.2276420560049
BCDIN3D	-16.0466560239596	-23.4305786057204	-25.0364289719298
BCL3	-14.7340252555728	-20.129838555935	-20.6751683743098
BLVRA	-23.8489254211219	-23.9770829935669	-58.3862454848003
BMP4	49.3028709348185	54.5485981957881	83.8359026757689
BOLL	24.2530867233599	35.888039100307	35.8332812050477
BTAF1	-15.3348159515602	-19.4764251341021	-22.9118194923666
C10orf28	14.8968869430709	33.7026338135702	47.6693797193385
C11orf24	-35.5745254260694	-20.7599925668123	-5.53371656644706
C12orf51	15.5483196211415	24.5581912292708	32.8404940063988
C12orf61	-4.9911725330284	-6.14690931112418	-16.6506397847811
C15orf26	21.753737790927	30.5938029282182	32.3877314055052
C15orf51	-39.2662152923866	-34.6190768074119	-23.4783861468651
C16orf57	-14.8640563170808	-17.4440928353688	-16.8930009864222
C16orf81	-12.2214917724019	-20.7022515978381	-36.9260108984887
C17orf69	-26.2134504304782	-28.6810133072167	-14.730567459073
C17orf85	-14.1960359577802	-19.1506674218564	-35.4497498733901
C17orf90	-6.77511881710171	-40.7897073166445	-42.6701570866909
C1orf158	-57.1657097868479	-19.7300151665917	-5.87175427762131
C1orf163	-27.2270239294432	-12.7188138356134	-5.16440573206374
C1orf77	-26.060470777207	-28.0725778365186	-47.2186555510758
C20orf29	-46.9391057238453	-33.7221206754158	-29.9329816232477
C21orf56	-14.6920597232655	-6.58508654102933	-6.0293755192185
C2orf50	-27.2943075272109	-28.7735615287954	-14.5152554199137
C2orf65	25.3916779817094	30.1205579395557	50.472257738265
C4orf31	-18.9118329594412	-19.2145653775308	-8.17031441849849
C6orf145	-15.3926400860684	-14.3341293371068	-19.9099401721303
C8orf38	-4.26065975736011	-6.55409637203499	-19.1462340787343
C9orf27	-27.2794609956638	-7.27959731457129	-12.2370040662019
CALCOCO2	-13.2729683049207	-8.40123560360815	-14.9667405645798
CALU	-21.5224805506697	-6.08267993299209	-7.13898702312052
CBY3	-42.7413707615351	-41.964796209842	-67.3772528807154
CCDC144NL	-46.8341770762265	-32.8770109555296	-21.3314912592284
CCDC64	-7.59873738505527	-12.9766252643478	-23.8932913370677
CCL28	-49.3533871766265	-39.2513131963376	-64.2006272639248
CDC42EP1	-21.3890256366754	-29.1522509545314	-32.2584583298459
CDC42SE2	-65.2544612512739	-70.0290039425456	-87.1428262330584
CDCA4	-11.9146245492538	-14.1911070003481	-28.491025383691
CDK13	-43.5018622851555	-26.6731659225478	-18.5183308639335
CDKL2	40.4347365961216	70.1608014442004	66.5126869867043
CDX2	17.4004986751487	20.5280056837379	27.7725202293195
CES4	-27.0985019733772	-8.18661700036074	-5.87879503034123
CHMP4C	-13.731894282884	-22.2427036526261	-35.9843057212413
CHRNA10	-13.2903044510298	-4.51513035415121	-4.68958918841314
CLCC1	-21.9709941431215	-29.6721096139036	-42.5685608798
CMTM6	-2.28936250099505	-8.03063452323783	-6.43423430544492
CNIH4	-45.0533645688928	-35.4520074034668	-22.5173030162841
COLEC11	-25.8213816824923	-6.14780944554261	-3.24437145750257
CORO1C	-23.014768270591	-34.7715540856385	-43.1585379426598
CRHR2	15.162585302481	40.5168611815955	35.5636184910172
CRTAC1	22.0939719963392	33.4109078607298	46.2650127204379
CRYGD	23.140889589604	39.7571804102371	56.9648035035564
CSNK1G2	-26.5232314960027	-7.66238322970571	-5.16785747914047
CTBP2	-28.4172938671907	-28.8086382916071	-13.7240274185668
CTNNBIP1	-12.9469849971409	-14.4695588421207	-17.2877999378529
CTXN3	-46.1130803792384	-39.3852931104423	-21.2081560535092
CXCL16	-15.0608133633394	-18.5478444764416	-24.1080616134727
CYB5R2	34.7961213311869	66.7367162397732	97.9080174149809
CYP1A2	5.99932565951466	18.2431748761109	28.7127614974473
DBF4B	-29.7918182536665	-36.6221632629358	-63.6357751282635
DBNDD2	32.539383875158	45.3873611409993	53.5920403953771
DDIT3	-13.9513822505463	-17.5596372517491	-29.8263550653119
DDR1	-27.9066143533598	-29.5968977550599	-49.0413525822039
DEGS1	-36.7784504250138	-35.6131736502828	-55.237006594814
DEPDC5	-13.7212575480284	-17.4243987791705	-28.8073435498841
DHX57	-11.0806578827087	-20.2785459267338	-19.5752052531106
DLEU7	14.5278660242161	32.4322881746751	37.7627093878419
DMP1	-41.6279426629897	-29.7861175647196	-20.9589432427178
DMRT3	20.2271373166563	18.8401224326224	31.9915730028214
DMRTA2	12.1410507660858	27.6869299841791	35.4407911743138
DMXL1	-14.8297516629206	-15.4070352559452	-28.7345003413372
DNAJC5	-28.5757359617432	-9.53198775422674	-5.8350584382498
DSCR6	31.5675308321697	51.109483495104	68.1661723020239
DSE	19.9737243698891	19.3033046378749	35.9321562211519
DUSP10	10.1988844963677	13.8269329947783	40.3709517034193
DUSP6	-38.8698546748262	-24.8163227697787	-23.7528789414658
E2F2	-28.6502414461591	-35.901269037094	-41.7856329565079
E2F6	-35.0975249553811	-40.4132753535149	-54.6634608115846
EFHA1	-12.8247927752685	-16.3904695683876	-26.9908167535072
ELMO1	-44.2792671829462	-33.730622130892	-20.2889509418996
ENO1	-26.2868940764539	-35.3214687115231	-54.2086004212068
ERRFI1	26.3480445421737	7.13827012094371	9.9684266284368
ETV2	-19.3234955884409	-14.8253968061372	-30.1974612235711
EVX1	18.3728516135187	44.5433516791625	55.4092799160999
EXOC3L2	18.4663255920517	29.8716279785496	28.6107918516598
FAM103A1	-24.1847935018727	-22.9144981754172	-19.3785381261479
FAM120B	-19.3132074101982	-19.2672697174755	-23.7519777275553
FAM186A	-13.5837526906206	-20.3388323116934	-31.6518571802216
FAM195B	-12.637027725191	-9.63337731602856	-30.722722429719
FAM196A	18.3682537932939	36.2151674706232	50.5619078269659
FAM84B	-24.0673118125137	-25.4437799158777	-30.4223205511044
FAM91A1	-20.9500954550388	-24.6980463900235	-25.012243673541
FCGR3A	-49.6672327972361	-29.0307776347844	-24.8459794624139
FDX1	-18.8547496404864	-17.8214426619221	-15.9517176597577
FGFR1OP	-11.2012655991467	-16.9518391136223	-27.6416730482997
FGL1	-44.9541764496053	-49.3290405422768	-75.036709510937
FLYWCH2	-7.66044272998048	-0.967195688977479	-8.88001854166391
FOXP1	-27.6956013649011	-37.4666713262067	-57.8874262444734
FREM1	-32.9381592047412	-22.3980520777222	-10.839746676237
FSD1	-52.2127999764582	-31.7944801850589	-11.1314045535381
FSTL4	-27.2481974945574	-15.1446226674894	-13.5327788876574
GALNTL4	-23.5058678306126	-26.0279473204193	-32.7846264702355
GALT	-26.6884253485389	-8.32194704871148	-8.27540902128924
GCH1	-42.990790547874	-20.4831707322441	-18.025831139706
GGN	-0.211534101498251	0.163331553027344	-5.05044542163635
GLOD4	-12.5946243173615	-13.9763945409033	-25.7516435600394
GNRH2	34.1318616553042	57.6119900776654	44.8656801048637
GPD1L	-31.5058323561025	-48.6518968440831	-50.7676957765477
GPNMB	-35.053063751967	-23.1449764917236	-8.44812277919429
GPR116	-41.3938356045856	-30.3336609877026	-17.179568911742
GPRIN2	9.17142361522802	37.234731280986	46.236818600973
GRHL2	33.8960488851522	43.5047236545479	54.2161837832894
GRPEL1	-26.8486114461409	-26.810008925093	-33.4432945685588
GSTM5	8.61602772822714	10.9881259636448	27.3412264253591
GTF3C1	-24.300990589796	-25.0637418032411	-25.1496907648517
HACE1	-45.8356287565167	-32.8122360191015	-18.9305032470264
HAPLN2	-11.7039692559155	-14.1419441956297	-28.2825853463143
HBEGF	-26.1717254783706	-15.8957907932055	-13.0839490347307
HCG18	-15.162260086061	-19.8318419456432	-26.3417984746724
HDAC2	-46.7666341416124	-25.0147572075698	-15.5553800554472
HEG1	-23.3388998751139	-25.7203148639828	-31.4184270779195
HERC1	-9.45210846903062	-13.016430382146	-25.4922935026587
HGFAC	-30.8945012892697	-20.0470120713516	-15.2283903197698
HIST1H2BH	15.1008055040854	18.6685630650442	29.3062323604362
HIST2H2BA	17.5220921858235	30.6001909981079	44.8320698225824
HIST2H2BF	15.2785626540584	27.5753368796506	39.4917795190797
HMGB1	-8.82408250548829	-9.17529466000203	-17.4226378745491
HMGCR	-31.7981748990667	-17.5194289295336	-14.8786839219904
HMGN3	-30.0168966943549	-31.8344740286261	-42.0850824265107
HMGXB4	29.6932428754102	57.2698530934899	88.7145236776726
HNRNPF	-54.3152360723738	-30.5995306266371	-33.6252877112013
HOXA10	57.7144149456574	88.4943490800829	125.81467084818
HOXC4	26.0269158843203	48.3168872799053	51.3721788447208
HOXD3	18.8397908336643	16.4169634163355	32.1995963527428
HOXD4	22.6826134386211	26.2465036637042	46.9961272997086
IARS	-41.2746303181513	-30.8410417903512	-21.5728857697204
ICK	-14.9575315779598	-13.917076520244	-19.8363145223223
IKZF2	-8.42043620350571	-17.2773189733206	-16.4344072967428
INADL	-18.3562894286413	-20.5479909119738	-35.983845548
IRF1	-24.0246416467697	-17.9927702156554	-15.4523942900914
ISL2	42.2786598114853	60.3209536434491	58.4862627719349
ITM2C	-0.242348756887818	-0.85685060940613	-19.2924835767039
ITPKB	-14.3669731483845	-13.3933553287654	-3.13803437827387
IVD	-26.2948980845188	-38.4035620460415	-47.8555374018868
KCNE4	-68.6168445045367	-46.7045044004561	-29.2962184417434
KCNQ1	40.1577071529268	40.4955670841989	66.0021636287106
KCNQ1OT1	-15.8089199583778	-24.0860421035818	-37.1514524330357
KIAA1712	-13.1677354353109	-18.4665787197522	-35.6233460217065
KIFC3	-27.3716002583164	-28.9643947753539	-47.6658299679487
KLHDC2	-8.1956416017151	-13.4660192079127	-13.291958752944
KLHL33	-2.39618137346755	-0.355487903288112	3.44091119864865
LASP1	-17.0385408165914	-17.6367060653154	-34.2602225287029
LDHB	18.6192407169844	23.5794562217765	34.4233071073139
LIME1	-3.40957614186376	7.19009971284064	15.6167661318462
LIMS2	-28.0226230375361	-14.1785367456378	-8.60850318779469
LIN52	-11.3398150758413	-17.5160580807527	-16.7019109568304
LMO3	20.4124263376325	42.2715342964024	48.4375376336459
LOC100128675	-54.6635794701747	-66.116246101893	-86.8972226742453
LOC340017	-26.8530495104029	-17.5255225763516	-9.93096272629992
LOC648691	-20.4153449009319	-14.217098754669	-38.8076478675892
LOC84931	-17.172854266367	-17.8703795133802	-41.2127937832832
LOXL3	24.160729531302	47.5180758593374	68.6729270918866
LRP5L	7.98816242052393	26.8480581914903	44.7494324460346
LRRN1	18.3986314887293	32.6213642690813	42.4611022802125
LTBP1	-13.6562551690048	-11.4155681741576	-16.9109134703837
LYPD3	22.7445831909074	40.5547618648239	64.8990190396059
MAGEL2	-29.9036648541116	-11.0868859216031	-7.04387217911347
MAN1C1	-6.12019233273161	-0.409181093254984	-23.3126742725804
MANF	-14.165889758824	-22.1044246871255	-22.8801366702773
MAPK9	-10.0341913205547	-18.0196978218395	-18.8465191367975
MAPRE1	-41.7553380364329	-13.4686411340774	-3.73697167344118
MEG3	-22.3480334233218	-16.7283156386361	-4.64159581884262
MEG8	-21.6693548468263	-24.2186893254203	-15.0902140599367
MEI1	20.1145047859708	22.1264811038698	36.1666475933651
MELK	-20.528773652325	-32.3355068000861	-56.4054648447557
MEOX2	23.7670602007743	25.4055666816043	45.1437211314134
MGAT4A	-16.5519954012225	-16.9225733152631	-27.1304643968577
MGC13005	-50.7353045947306	-67.3747313982599	-82.0684654352973
MIER2	-4.37417123199898	-0.998145103739294	-15.1101021477596
MIR10B	17.5572938566193	13.3572183495185	25.1948487832688
MIR1178	20.2100458022855	20.9827336942074	49.454685032226
MIR365-2	-41.6707436408313	-12.5061259186209	-9.58939505821722
MIR376B	-32.7796244358824	-37.1570415847557	-20.2982389381767
MIR611	-12.2592697179109	-12.9642228861663	-13.3025884357646
MIR654	-43.1075344452286	-35.0550909553701	-18.6820425147422
MKL1	-12.5230354932027	-13.2257550377528	-15.589126641235
MKNK2	16.1555121027888	28.5213725373293	53.9801565281746
MLX	-16.1344047572345	-16.8404626850285	-19.4011437213588
MMP12	-62.4869121384266	-22.5717610642999	-22.5228612762727
MOGS	-21.3479531031165	-18.7003133391818	-18.4896951117342
MRPS23	-43.4799848161051	-39.7477818305217	-65.6370684660542
MTIF3	-12.9098190917552	-17.0014200111625	-17.4275574139391
MTMR14	-6.16607837546184	-11.6187458330506	-19.9157039839056
MTRF1L	-17.3206399960847	-18.8628513301943	-20.3163032904956
MTUS1	-8.18277726189686	-13.3818110386521	-22.624193107244
MUC13	-10.2480704157161	-22.6745426118544	-39.156616744865
MUM1	-16.6369409035437	-10.7928819217975	-7.01028628029014
MXD3	-28.5451674984483	-24.0190889216294	-20.0752689542849
MYH10	-19.4436743050843	-18.0832094320385	-37.051347628589
MYO15A	-30.9508782887372	-15.2012566238414	-9.59521855249091
NAPSB	-50.481513121424	-44.4182899809265	-66.6787747026865
NCK2	-21.0108633504021	-22.9722708165206	-11.8989876787905
NCOA6	-60.8266006829123	-76.1092898205491	-110.879763433811
NCRNA00114	-43.1326065371508	-22.8801770053816	-17.382739216655
NDN	-51.4957959036684	-6.7940688852095	-2.38858687042087
NEDD1	-26.564619052174	-34.791747996995	-46.1586861715313
NEURL3	-37.9340643969245	-28.9517155414099	-18.1293521588999
NOLC1	-19.2157707716692	-39.9695724705284	-53.6351184566314
NRCAM	-17.5301089027729	-15.3863780939004	-8.24898403146957
NSUN4	-25.6232980010763	-32.9129859835533	-54.5629369717648
NUMA1	-25.8092034028828	-22.2175659916861	-64.1832068988465
OR8B4	-65.0857574097705	-38.5632726314675	-23.6807292912838
OR8D1	-24.2161038067091	-18.2641104297155	-13.8407701920545
OR9Q1	-41.1423256919239	-30.1059262827457	-14.8878028970738
ORC4L	-33.6098869989988	-16.0619034469969	-7.25640322179234
OSBPL8	-22.154848929825	-19.9195529618673	-32.2679366736116
OSR2	45.1660147364051	77.8988178980018	87.0824174160516
OVOL1	18.4496087920374	23.3711436749789	44.1266082893465
P4HA1	-12.2839008046519	-16.6055574164998	-16.4967838887115
PACSIN3	-23.0501740946382	-9.67160406300678	-11.9347822135737
PAK6	-43.1393082811234	-32.1122877003814	-17.5193020284215
PAPLN	-5.47881430652327	0.501861883744832	11.4901307739326
PAX6	24.5229283781619	25.5326007899127	35.0240334103049
PDE2A	-10.2914593433308	-14.9069837933093	-15.7474764061522
PDRG1	-14.636052523638	-16.7656314857174	-32.1609963536196
PDXP	-13.9473645210269	-17.1659245234221	-18.0405016911289
PDZD8	-9.50788833504314	-16.571261764693	-26.243397876695
PGCP	-21.3319343500905	-22.5142446943353	-42.8133021433603
PIGB	-0.287376612763473	-10.4908966167086	-26.8828275714065
PITPNA	-12.9452520963891	-16.0450459942543	-22.3803227877511
PITPNM2	21.9514989381138	52.3456220490308	80.8591238534511
PITX3	38.5786282407853	71.9001680647096	66.1697633085138
PKMYT1	31.0348071252363	49.1273592910674	54.0494411340429
PLA2G2A	-40.2776029283608	-22.1292268769794	-9.66367628992102
PLCG1	-17.8064235988158	-17.4599106239568	-21.7749763391004
POLR2D	-28.8545310051412	-41.6289057426108	-74.7501310034283
POLR3C	-10.0690786517742	-21.5747539838625	-22.6446335267734
PPP2R5A	-29.9817701209845	-33.3392007803084	-54.447019952229
PPP3R1	-57.0994919249327	-27.4843982000871	-20.6861950242059
PRKAB2	-18.701529389209	-26.5978429009938	-28.2841066357072
PRPF31	-7.43445898173077	-15.2376441562982	-26.861741033067
PRR13	-2.66972443938862	-1.97665897548248	-1.64697390689037
PRR14	14.1737835131759	18.4357424593621	39.9892646517291
PRR15	17.7051409973162	10.0934446451502	7.80625517671186
PRR20E	-43.6280893607668	-35.9576028547106	-24.6814993848207
PRR23C	12.8813197618975	30.758945838103	48.946894318257
PSMB8	-60.1880135638358	-37.7262357271543	-30.1953371380285
PTBP2	-10.7003004592916	-15.8641166845815	-25.7291241907125
PYGO1	19.4562702447923	27.9118170714518	30.562917736331
RAB22A	26.1326501869748	16.9519844664981	43.4909816365505
RAB33B	-34.5858448340417	-24.005705726482	-13.3949048525492
RAB9P1	-20.3909663413768	-12.4457869732929	-9.35934859132271
RABIF	-21.513188254232	-32.5120200498367	-35.2678877617691
RALGAPB	-8.872753711428	-12.9367353603033	-22.8008188915743
RANGAP1	-17.3038970379105	-16.0346279403658	-12.3102929597229
RBAK	30.3506011185076	25.0307348591935	44.0081666951801
RBM47	-33.6069593695254	-22.7453898353534	-49.3767707322866
RCCD1	-16.255984891282	-20.3830231217521	-27.2209664242088
REST	-19.9534310161357	-18.7153262771079	-14.8176635853977
RFWD2	-33.1852566957997	-18.8677028181196	-10.9610497180768
RGS22	39.9089175801322	70.3495662589631	86.2235554386892
RHBDF1	-16.6270550754536	-11.7703259737197	-8.96524490151788
RILP	2.20780327391406	6.68244853006828	19.5712709586724
RIMS3	13.5955981291853	47.5788019432087	49.853826860566
RNF138	-41.8066884540582	-25.8742538362721	-22.7374760901999
RNF215	-17.071954633208	-16.7213940491279	-23.2448688050731
RNF34	-18.9346876714938	-19.5712681326554	-22.923160412979
RPL18AP3	-29.6574660975915	-17.9467979691596	-5.81145500879977
RPL27	-19.2946801925039	-7.94768660668958	-7.07998190339237
RPL41	-9.32484296543136	-10.4482395633955	-13.8912872785846
RPL7	-26.9474200888715	-25.3621269682882	-23.3373804354798
RPN1	-15.5141809232234	-20.5472602136482	-21.9970644016986
RPP38	-13.3654344158261	-12.7425948943949	-15.8757849998504
RPRM	-37.7211080155627	-33.1895954514288	-15.6861499718669
RPTOR	-6.74812622358932	-17.9598188645497	-27.8863693682979
RRBP1	-7.74248297694039	-11.8424380273599	-24.7790577493935
RTBDN	-10.2102355218713	-9.96969994304228	-30.3745702737668
RUNX3	15.6755499659861	27.7754453271412	26.5221321630338
S100A2	-33.3775185559694	-46.5390965646192	-58.2051185941309
SCG5	28.7613989468801	57.6143947636941	66.7246365988889
SEPT8	-18.1003536762685	-16.4741478515345	-52.7058087493163
SERINC5	-10.0522328953679	-12.3660213380071	-13.2406631830964
SERPINE2	-29.6611918677107	-21.9981191447367	-15.2717125217448
SFRS3	-24.0903691379769	-24.4745843847727	-28.6149101285466
SGCE	-52.8006560740841	-16.7254966408294	-9.34921653140615
SGK196	-38.783702985529	-26.9838814046479	-16.2799084966361
SGPL1	-8.7735829039272	-8.84837032130887	-22.9482501281092
SIRT1	-9.27991846856923	-11.9557199576304	-19.5966651859207
SIX3	24.3400117616119	21.4565490079727	32.7805549413888
SLC25A46	13.693294150073	13.660361691769	29.086792571891
SLC2A8	-32.8054346336432	-23.7433861798247	-49.2078868432232
SLC38A2	-20.6849106955777	-17.7364811818903	-14.5397007832694
SLC39A3	-14.2974528892761	-17.4080475802812	-14.4121341104316
SLC44A5	-42.6429463744959	-33.4178835543063	-19.3296369904623
SLC6A6	-48.3722435865264	-41.6834148034829	-19.5414323361951
SMCR7	-52.2152139613495	-22.7856146548678	-26.4189605124128
SMPD3	-17.8816603107839	-2.15572972880132	-0.767450315066885
SNHG9	-21.6560701722597	-18.099378314462	-49.309063056356
SNORD30	-25.10807624516	-28.394065094002	-46.4466108566907
SNORD94	-47.7456867435659	-24.4947482320025	-11.1739401455879
SNX24	-15.8986239426118	-20.1236800772453	-21.0491701895751
SNX27	-31.7264547225978	-28.2085716208476	-41.7970844746019
SOX15	-20.8677175212303	-7.13978616908962	-2.22757963551146
SPAG1	-14.7671211350821	-16.9529875384844	-17.9222964923693
SPAG6	22.1778097405883	44.682371623896	55.5257436748112
SPG7	-37.1856616440628	-38.4341062676873	-39.8205205966566
SPRY4	-22.3410986285579	-22.6700576214208	-28.1233188542923
ST6GALNAC1	-33.3119658049266	-26.0197493367015	-12.0187241338742
ST8SIA3	17.9509891770075	49.0717700141212	49.8611917735671
STAG3	18.369627237269	41.5625356639425	46.9406127684828
STAG3L4	-18.6614866794548	-20.5811392110183	-20.8501495857686
STAT3	-10.4746059735781	-25.425468975431	-27.784921470805
STIL	-17.0834664746079	-11.4161516776254	-5.49663704211845
STK11IP	-16.7698449682781	-17.3278255799947	-30.5978236482967
TBC1D13	-25.158473495758	-20.1914182716559	-13.4511703164838
TBCD	-21.9397093545919	-22.9617900761937	-26.6978290343813
TBX15	48.2584639435963	59.2091912985821	80.3001297316138
TBX4	30.1699001836044	38.9398870553751	58.1148851687784
TBXAS1	-14.2434963974731	-8.50539382526965	-22.8843045286946
TC2N	-53.6503431087702	-29.51097116191	-14.5715223033633
TCEB1	-10.8245834359186	-13.3562529881348	-12.7397288282886
TCIRG1	-29.2035272807296	-16.9401966781908	-14.9416334235384
THRAP3	-9.36254262496228	-11.4296612272559	-12.1833866323444
TIGD1	-11.130180475799	-13.6254830256871	-18.7767637466054
TMEM173	-34.4553564240336	-20.1757272300048	-7.25541549623322
TMEM188	-21.1830251885508	-18.3509994822296	-12.3288552498572
TMEM19	-16.9482997628238	-17.3895632012945	-22.0155992492716
TMEM39B	-18.6818957066109	-20.7771866701166	-24.3194534770879
TMEM51	-39.4309430946629	-30.0537502142503	-11.3077943983272
TMEM55B	-22.2846526096329	-21.3182774105548	-34.390189338339
TRAF2	-43.1506705096027	-48.6204381573839	-76.914380494743
TRMT1	-15.9191271376887	-17.9473296031994	-20.8492885816647
TRPM1	1.71681388311352	9.12599421147112	24.2696648625544
TSTD1	-10.5038496126632	-7.42109661536778	-20.9628264642706
UBASH3B	-16.0087500041232	-3.27665119052685	-9.39159599870136
UBE2H	-13.7213537628006	-13.2137191925791	-23.2363109544879
UBTF	-22.9938535151291	-19.7226420537797	-31.7694216065707
UGT2B15	-38.7772044631948	-28.0369228348542	-17.3059648772861
URB2	-12.624652243747	-22.069107055268	-33.7950316425388
USP53	20.5313962955031	16.8710003054173	26.295929443046
VASH2	1.09478899557819	9.15098034673611	30.9471457321417
VAX2	8.55595867757126	17.2980585229595	36.1587515085766
VDAC1	-12.2894764374551	-12.459144521994	-16.5706260608438
VPS13B	-28.5611730507012	-11.2547415061645	-4.21501522671661
XPNPEP1	-7.29134017407455	-13.4500644365397	-25.6211371768594
XRCC5	-12.5834527444729	-20.2654448229447	-22.0492240340927
YAP1	-20.7681594455659	-15.5508985741861	-14.3319669153747
YTHDF2	-8.53293834085764	-12.3238524591757	-18.0650667298409
YWHAZ	-24.2624316625398	-21.1295567538269	-48.5466470153031
ZCCHC17	-11.2868662438505	-15.287012544367	-27.6243285708924
ZCCHC3	-3.06228346952125	-9.04981413492197	-19.6568871283527
ZFAND2A	-14.4757240285563	-14.3359411623383	-16.890331273117
ZFHX3	-14.6739943332087	-19.1862839660593	-23.3833280285551
ZFP62	-33.9239582928129	-16.7173708675626	-8.24069189098164
ZKSCAN1	-20.8524611369398	-22.1205800371627	-22.787434403746
ZMAT3	-29.0776848734027	-27.9019531560074	-27.6651113687986
ZMIZ1	-25.8572670923027	-28.6155710393774	-25.3787309261221
ZNF131	-19.0286556576072	-25.4417628556332	-26.8488375985757
ZNF167	27.6361943151402	37.8028678810179	50.3986586912815
ZNF181	-27.5406936825067	-23.2345932296193	-7.36709839038861
ZNF227	-12.2726250908585	-12.103596318419	-19.3738899153448
ZNF232	61.372980860895	62.1161171191422	87.0812399965264
ZNF239	-35.9197907819004	-30.7622451714516	-18.9762276607377
ZNF248	-36.4552538790062	-22.206360418576	-18.9294065751597
ZNF263	-18.5025651498152	-20.3670670270377	-22.8013473365624
ZNF28	-16.0467161368192	-10.9894837915645	-16.9704337895163
ZNF295	-29.2051119672683	-24.1425494740281	-21.3964321156835
ZNF302	-42.7081906056807	-7.74842511769188	-3.35933253541802
ZNF385B	-16.489964199361	-0.373773385518542	-8.21310585892523
ZNF397OS	24.2070451373826	43.812648691935	65.9536674334493
ZNF589	-6.20715338339596	-13.3401314930535	-27.2095835773657
ZNF696	-8.66276652264638	-13.8304442819174	-28.4429074119029
ZNF738	-20.897653857768	-19.9065164403428	-10.5018453204726
ZNF862	-13.8483423951634	-13.3012325543791	-26.4665925003249
ZPBP	8.75263084122751	13.1611796756742	31.5143592944056
